# relative_time, cycles_done, cur_item, corpus_count, pending_total, pending_favs, map_size, saved_crashes, saved_hangs, max_depth, execs_per_sec, total_execs, edges_found
61, 0, 3, 39, 37, 3, 0.00%, 3, 0, 2, 324.04, 18682, 98
66, 0, 3, 39, 37, 3, 0.00%, 3, 0, 2, 255.77, 19871, 98
71, 0, 3, 39, 37, 3, 0.00%, 3, 0, 2, 260.30, 21086, 98
76, 0, 3, 40, 38, 3, 0.00%, 3, 0, 2, 318.12, 22740, 99
81, 0, 3, 40, 38, 3, 0.00%, 3, 0, 2, 341.82, 24486, 99
86, 0, 3, 40, 38, 3, 0.00%, 3, 0, 2, 289.76, 25909, 99
91, 0, 3, 40, 38, 3, 0.00%, 3, 0, 2, 265.55, 27194, 99
96, 0, 3, 40, 38, 3, 0.00%, 3, 0, 2, 306.82, 28476, 99
102, 0, 3, 40, 38, 3, 0.00%, 3, 0, 2, 257.80, 29739, 99
107, 0, 3, 40, 38, 3, 0.00%, 3, 0, 2, 267.95, 31164, 99
112, 0, 3, 40, 38, 3, 0.00%, 3, 0, 2, 229.84, 32306, 99
117, 0, 3, 40, 38, 3, 0.00%, 3, 0, 2, 239.00, 33494, 99
122, 0, 29, 40, 37, 16, 0.00%, 3, 0, 2, 232.44, 34654, 99
127, 0, 29, 42, 39, 16, 0.00%, 3, 0, 3, 219.79, 35770, 102
132, 0, 10, 44, 39, 15, 0.00%, 3, 0, 3, 212.02, 36795, 102
138, 0, 28, 44, 38, 14, 0.00%, 3, 0, 3, 210.94, 37914, 102
143, 0, 28, 44, 38, 14, 0.00%, 3, 0, 3, 183.31, 38838, 102
148, 0, 28, 48, 42, 14, 0.00%, 3, 0, 3, 199.27, 39860, 108
153, 0, 28, 49, 43, 14, 0.00%, 3, 0, 3, 200.02, 40922, 110
158, 0, 28, 51, 45, 14, 0.00%, 3, 0, 3, 171.06, 41762, 114
163, 0, 28, 51, 45, 14, 0.00%, 3, 0, 3, 181.92, 42680, 114
168, 0, 34, 51, 43, 14, 0.00%, 3, 0, 3, 183.14, 43581, 114
173, 0, 50, 55, 46, 13, 0.00%, 3, 0, 4, 209.28, 44655, 120
178, 0, 50, 55, 46, 13, 0.00%, 3, 0, 4, 217.63, 45751, 120
183, 0, 50, 56, 47, 13, 0.00%, 3, 0, 4, 110.03, 46545, 120
189, 0, 50, 56, 47, 13, 0.00%, 3, 0, 4, 158.01, 47385, 120
194, 0, 50, 56, 47, 13, 0.00%, 3, 0, 4, 210.84, 48515, 120
199, 0, 50, 56, 47, 13, 0.00%, 3, 0, 4, 221.49, 49719, 120
204, 0, 50, 56, 47, 13, 0.00%, 3, 0, 4, 182.91, 50580, 120
209, 0, 50, 56, 47, 13, 0.00%, 3, 0, 4, 199.73, 51639, 120
214, 0, 50, 56, 47, 13, 0.00%, 3, 0, 4, 205.23, 52663, 120
219, 0, 50, 56, 47, 13, 0.00%, 3, 0, 4, 179.73, 53538, 120
224, 0, 50, 56, 47, 13, 0.00%, 3, 0, 4, 215.59, 54655, 120
229, 0, 50, 56, 47, 13, 0.00%, 3, 0, 4, 90.07, 55565, 120
234, 0, 50, 56, 47, 13, 0.00%, 3, 0, 4, 198.91, 56712, 120
240, 0, 21, 56, 46, 15, 0.00%, 3, 0, 4, 241.39, 57951, 120
245, 0, 21, 56, 46, 15, 0.00%, 3, 0, 4, 239.72, 59155, 120
250, 0, 7, 56, 45, 14, 0.00%, 3, 0, 4, 249.46, 60503, 120
255, 0, 27, 56, 44, 13, 0.00%, 3, 0, 4, 237.64, 61708, 120
260, 0, 46, 56, 43, 12, 0.00%, 3, 0, 4, 251.60, 63051, 120
265, 0, 53, 56, 41, 10, 0.00%, 3, 0, 4, 257.91, 64358, 120
270, 0, 53, 56, 41, 10, 0.00%, 3, 0, 4, 263.85, 65501, 120
275, 0, 27, 56, 40, 9, 0.00%, 3, 0, 4, 263.56, 66811, 120
280, 0, 27, 56, 40, 9, 0.00%, 3, 0, 4, 255.75, 68119, 120
285, 0, 9, 57, 40, 8, 0.00%, 3, 0, 4, 342.99, 69611, 120
290, 0, 35, 58, 41, 8, 0.00%, 3, 0, 4, 327.65, 71196, 120
296, 0, 38, 58, 40, 8, 0.00%, 3, 0, 4, 267.12, 72566, 120
301, 0, 32, 58, 39, 7, 0.00%, 3, 0, 4, 248.77, 73794, 120
306, 0, 32, 58, 39, 7, 0.00%, 3, 0, 4, 269.98, 75194, 120
311, 0, 28, 58, 36, 4, 0.00%, 3, 0, 4, 344.33, 77036, 120
316, 0, 28, 58, 36, 4, 0.00%, 3, 0, 4, 310.93, 78615, 120
321, 0, 38, 58, 36, 4, 0.00%, 3, 0, 4, 292.26, 80067, 120
327, 0, 28, 58, 36, 4, 0.00%, 3, 0, 4, 303.90, 81681, 120
332, 0, 28, 58, 36, 4, 0.00%, 3, 0, 4, 288.78, 83160, 120
337, 0, 54, 58, 36, 4, 0.00%, 3, 0, 4, 271.28, 84595, 120
342, 0, 39, 58, 35, 3, 0.00%, 3, 0, 4, 262.19, 85914, 120
347, 0, 28, 58, 34, 2, 0.00%, 3, 0, 4, 209.84, 86849, 120
352, 0, 28, 58, 34, 2, 0.00%, 3, 0, 4, 226.26, 88068, 120
357, 0, 21, 58, 34, 2, 0.00%, 3, 0, 4, 278.20, 89609, 120
362, 0, 21, 58, 34, 2, 0.00%, 3, 0, 4, 298.15, 91142, 120
368, 0, 32, 58, 34, 2, 0.00%, 3, 0, 4, 271.02, 92349, 120
373, 0, 32, 58, 34, 2, 0.00%, 3, 0, 4, 308.71, 93933, 120
378, 0, 27, 58, 34, 2, 0.00%, 3, 0, 4, 281.91, 95401, 120
383, 0, 28, 58, 34, 2, 0.00%, 3, 0, 4, 273.68, 96743, 120
388, 0, 28, 58, 34, 2, 0.00%, 3, 0, 4, 317.34, 98433, 120
393, 0, 40, 58, 34, 2, 0.00%, 3, 0, 4, 283.74, 99891, 120
398, 0, 51, 58, 34, 2, 0.00%, 3, 0, 4, 244.58, 101015, 120
403, 0, 27, 58, 33, 1, 0.00%, 3, 0, 4, 289.44, 102472, 120
408, 0, 28, 58, 33, 1, 0.00%, 3, 0, 4, 305.83, 104034, 120
414, 0, 28, 58, 33, 1, 0.00%, 3, 0, 4, 335.37, 105573, 120
419, 0, 28, 58, 33, 1, 0.00%, 3, 0, 4, 310.07, 107110, 120
424, 0, 18, 58, 33, 1, 0.00%, 3, 0, 4, 295.08, 108548, 120
429, 0, 50, 58, 32, 1, 0.00%, 3, 0, 4, 267.56, 109779, 120
434, 0, 28, 58, 32, 1, 0.00%, 3, 0, 4, 272.24, 111179, 120
439, 0, 28, 58, 32, 1, 0.00%, 3, 0, 4, 316.00, 112840, 120
444, 0, 28, 58, 32, 1, 0.00%, 3, 0, 4, 239.38, 114010, 120
449, 0, 28, 58, 32, 1, 0.00%, 3, 0, 4, 267.99, 115375, 120
454, 0, 28, 58, 31, 1, 0.00%, 3, 0, 4, 296.96, 116929, 120
459, 0, 28, 58, 31, 1, 0.00%, 3, 0, 4, 285.13, 118442, 120
465, 0, 21, 59, 32, 1, 0.00%, 3, 0, 4, 312.03, 120100, 120
470, 0, 21, 59, 32, 1, 0.00%, 3, 0, 4, 285.36, 121546, 120
475, 0, 21, 59, 32, 1, 0.00%, 3, 0, 4, 296.15, 123031, 120
480, 0, 21, 59, 32, 1, 0.00%, 3, 0, 4, 305.99, 124503, 120
485, 0, 28, 59, 31, 0, 0.00%, 3, 0, 4, 266.21, 125870, 120
490, 0, 28, 59, 31, 0, 0.00%, 3, 0, 4, 47.39, 127248, 120
495, 0, 7, 59, 31, 0, 0.00%, 3, 0, 4, 272.68, 128517, 120
500, 0, 29, 59, 31, 0, 0.00%, 3, 0, 4, 283.21, 129899, 120
505, 0, 7, 59, 31, 0, 0.00%, 3, 0, 4, 269.49, 131280, 120
510, 0, 7, 59, 31, 0, 0.00%, 3, 0, 4, 288.99, 132805, 120
515, 0, 28, 59, 31, 0, 0.00%, 3, 0, 4, 300.72, 134294, 120
520, 0, 9, 59, 31, 0, 0.00%, 3, 0, 4, 274.63, 135672, 120
526, 0, 28, 59, 31, 0, 0.00%, 3, 0, 4, 302.47, 137282, 120
531, 0, 10, 59, 31, 0, 0.00%, 3, 0, 4, 294.65, 138786, 120
536, 0, 28, 59, 31, 0, 0.00%, 3, 0, 4, 267.99, 140171, 120
541, 0, 21, 59, 31, 0, 0.00%, 3, 0, 4, 308.49, 141768, 120
546, 0, 21, 59, 31, 0, 0.00%, 3, 0, 4, 345.71, 142960, 120
551, 0, 21, 59, 31, 0, 0.00%, 3, 0, 4, 278.46, 144230, 120
556, 0, 28, 59, 31, 0, 0.00%, 3, 0, 4, 304.03, 145773, 120
561, 0, 28, 59, 31, 0, 0.00%, 3, 0, 4, 291.69, 147203, 120
566, 0, 28, 59, 31, 0, 0.00%, 3, 0, 4, 317.33, 148884, 120
571, 0, 47, 59, 31, 0, 0.00%, 3, 0, 4, 276.90, 150137, 120
576, 1, 10, 59, 31, 0, 0.00%, 3, 0, 4, 297.19, 151651, 120
581, 1, 21, 59, 31, 0, 0.00%, 3, 0, 4, 258.29, 153019, 120
587, 1, 21, 59, 31, 0, 0.00%, 3, 0, 4, 297.89, 154582, 120
592, 1, 7, 59, 31, 0, 0.00%, 3, 0, 4, 287.60, 156050, 120
597, 1, 21, 59, 31, 0, 0.00%, 3, 0, 4, 294.59, 157536, 120
602, 1, 21, 59, 31, 0, 0.00%, 3, 0, 4, 296.48, 158941, 120
607, 1, 28, 60, 32, 0, 0.00%, 3, 0, 4, 298.64, 160444, 120
612, 1, 28, 60, 32, 0, 0.00%, 3, 0, 4, 317.17, 162081, 120
617, 1, 21, 61, 33, 0, 0.00%, 3, 0, 4, 331.10, 163510, 120
622, 1, 21, 61, 33, 0, 0.00%, 3, 0, 4, 288.46, 164896, 120
627, 1, 28, 61, 33, 0, 0.00%, 3, 0, 4, 301.78, 166435, 120
632, 1, 28, 61, 33, 0, 0.00%, 3, 0, 4, 274.12, 167724, 120
637, 1, 28, 61, 33, 0, 0.00%, 3, 0, 4, 297.68, 169232, 120
642, 1, 28, 61, 33, 0, 0.00%, 3, 0, 4, 301.95, 170814, 120
647, 1, 28, 61, 33, 0, 0.00%, 3, 0, 4, 280.82, 172250, 120
652, 1, 21, 61, 33, 0, 0.00%, 3, 0, 4, 279.69, 173663, 120
658, 1, 21, 61, 33, 0, 0.00%, 3, 0, 4, 274.03, 175158, 120
663, 1, 7, 61, 33, 0, 0.00%, 3, 0, 4, 271.29, 176448, 120
668, 1, 40, 61, 33, 0, 0.00%, 3, 0, 4, 279.45, 177864, 120
673, 1, 54, 61, 33, 0, 0.00%, 3, 0, 4, 292.30, 179378, 120
678, 1, 34, 62, 34, 0, 0.00%, 3, 0, 4, 269.08, 180734, 120
683, 1, 28, 62, 34, 0, 0.00%, 3, 0, 4, 301.57, 182288, 120
688, 1, 28, 62, 34, 0, 0.00%, 3, 0, 4, 64.40, 183648, 120
693, 1, 28, 62, 34, 0, 0.00%, 3, 0, 4, 267.93, 185277, 120
698, 1, 47, 62, 34, 0, 0.00%, 3, 0, 4, 294.14, 186874, 120
704, 1, 21, 62, 34, 0, 0.00%, 3, 0, 4, 331.09, 188637, 120
709, 1, 21, 62, 34, 0, 0.00%, 3, 0, 4, 303.57, 190082, 120
714, 1, 28, 62, 34, 0, 0.00%, 3, 0, 4, 300.16, 191628, 120
719, 1, 28, 62, 34, 0, 0.00%, 3, 0, 4, 54.24, 193104, 120
724, 1, 28, 63, 35, 0, 0.00%, 3, 0, 4, 257.11, 194662, 120
729, 1, 28, 63, 35, 0, 0.00%, 3, 0, 4, 270.59, 195883, 120
734, 1, 7, 63, 35, 0, 0.00%, 3, 0, 4, 271.84, 197238, 120
739, 1, 34, 63, 35, 0, 0.00%, 3, 0, 4, 301.57, 198864, 120
744, 1, 7, 63, 35, 0, 0.00%, 3, 0, 4, 322.26, 200472, 120
749, 1, 9, 63, 35, 0, 0.00%, 3, 0, 4, 285.00, 201875, 120
755, 1, 53, 63, 35, 0, 0.00%, 3, 0, 4, 288.71, 203348, 120
760, 1, 34, 63, 35, 0, 0.00%, 3, 0, 4, 301.48, 204976, 120
765, 1, 34, 63, 35, 0, 0.00%, 3, 0, 4, 295.79, 206375, 120
770, 1, 28, 63, 35, 0, 0.00%, 3, 0, 4, 343.96, 208172, 120
775, 1, 21, 63, 35, 0, 0.00%, 3, 0, 4, 318.59, 209788, 120
780, 1, 21, 63, 35, 0, 0.00%, 3, 0, 4, 349.38, 211269, 120
785, 1, 21, 63, 35, 0, 0.00%, 3, 0, 4, 309.06, 212807, 120
790, 1, 21, 63, 35, 0, 0.00%, 3, 0, 4, 325.71, 214616, 120
796, 1, 28, 63, 35, 0, 0.00%, 3, 0, 4, 345.65, 216078, 120
801, 1, 28, 63, 35, 0, 0.00%, 3, 0, 4, 324.07, 217626, 120
806, 1, 28, 63, 35, 0, 0.00%, 3, 0, 4, 457.78, 219981, 120
811, 1, 32, 63, 35, 0, 0.00%, 3, 0, 4, 457.63, 222347, 120
816, 1, 28, 63, 35, 0, 0.00%, 3, 0, 4, 215.51, 224352, 120
821, 1, 28, 63, 35, 0, 0.00%, 3, 0, 4, 175.28, 225233, 120
826, 1, 29, 63, 35, 0, 0.00%, 3, 0, 4, 179.19, 226119, 120
831, 1, 29, 63, 35, 0, 0.00%, 3, 0, 4, 165.93, 226894, 120
836, 1, 34, 64, 36, 2, 0.00%, 3, 0, 4, 187.14, 227835, 120
841, 1, 63, 66, 38, 2, 0.00%, 3, 0, 4, 154.66, 228650, 120
846, 1, 63, 66, 38, 2, 0.00%, 3, 0, 4, 196.42, 229730, 120
851, 1, 63, 70, 42, 2, 0.00%, 3, 0, 4, 195.82, 230689, 122
857, 1, 63, 70, 42, 2, 0.00%, 3, 0, 4, 213.58, 231823, 122
862, 1, 63, 71, 43, 2, 0.00%, 3, 0, 4, 214.12, 232839, 122
867, 1, 63, 71, 43, 2, 0.00%, 3, 0, 4, 196.34, 233855, 122
872, 1, 63, 71, 43, 2, 0.00%, 3, 0, 4, 211.07, 234879, 122
877, 1, 63, 71, 43, 2, 0.00%, 3, 0, 4, 214.63, 235963, 122
882, 1, 63, 72, 44, 2, 0.00%, 3, 0, 4, 221.00, 237051, 122
887, 1, 63, 72, 44, 2, 0.00%, 3, 0, 4, 220.30, 238151, 122
892, 1, 63, 72, 44, 2, 0.00%, 3, 0, 4, 187.55, 239132, 122
897, 1, 63, 72, 44, 2, 0.00%, 3, 0, 4, 226.47, 240339, 122
902, 1, 63, 72, 44, 2, 0.00%, 3, 0, 4, 204.03, 241427, 122
907, 1, 63, 72, 44, 2, 0.00%, 3, 0, 4, 157.17, 242186, 122
913, 1, 63, 73, 45, 2, 0.00%, 3, 0, 4, 173.31, 243184, 122
918, 1, 63, 73, 45, 2, 0.00%, 4, 0, 4, 193.81, 244239, 122
923, 1, 63, 73, 45, 2, 0.00%, 4, 0, 4, 203.83, 245315, 122
928, 1, 63, 73, 45, 2, 0.00%, 4, 0, 4, 228.97, 246379, 122
933, 1, 63, 73, 45, 2, 0.00%, 4, 0, 4, 203.95, 247375, 122
938, 1, 63, 73, 45, 2, 0.00%, 4, 0, 4, 175.01, 248323, 122
943, 1, 63, 73, 45, 2, 0.00%, 4, 0, 4, 202.49, 249451, 122
948, 1, 63, 73, 45, 2, 0.00%, 4, 0, 4, 195.60, 250444, 122
953, 1, 63, 73, 45, 2, 0.00%, 4, 0, 4, 184.19, 251371, 122
959, 1, 63, 73, 45, 2, 0.00%, 4, 0, 4, 232.76, 252647, 122
964, 1, 63, 73, 45, 2, 0.00%, 4, 0, 4, 209.42, 253659, 122
969, 1, 67, 73, 44, 3, 0.00%, 4, 0, 4, 195.63, 254624, 122
974, 1, 67, 73, 44, 3, 0.00%, 4, 0, 4, 195.50, 255602, 122
979, 1, 67, 74, 45, 3, 0.00%, 4, 0, 5, 183.21, 256561, 122
984, 1, 67, 74, 45, 3, 0.00%, 4, 1, 5, 209.24, 257433, 122
989, 1, 67, 74, 45, 3, 0.00%, 4, 1, 5, 211.41, 258533, 122
994, 1, 71, 74, 44, 2, 0.00%, 4, 1, 5, 179.61, 259410, 122
999, 1, 71, 74, 44, 2, 0.00%, 4, 1, 5, 231.23, 260690, 122
1005, 1, 71, 74, 44, 2, 0.00%, 4, 1, 5, 84.69, 261708, 122
1010, 1, 68, 74, 43, 1, 0.00%, 4, 1, 5, 173.99, 262778, 122
1015, 1, 68, 75, 44, 1, 0.00%, 4, 1, 5, 192.72, 263791, 124
1020, 1, 63, 76, 44, 2, 0.00%, 5, 1, 5, 214.83, 264860, 124
1025, 1, 74, 77, 45, 2, 0.00%, 6, 1, 6, 207.77, 265971, 126
1030, 1, 74, 79, 47, 2, 0.00%, 7, 1, 6, 197.81, 267003, 126
1035, 1, 74, 80, 48, 2, 0.00%, 8, 1, 6, 179.64, 267876, 128
1040, 1, 74, 80, 48, 2, 0.00%, 8, 1, 6, 205.25, 268979, 128
1046, 1, 74, 82, 50, 2, 0.00%, 8, 1, 6, 195.51, 269989, 130
1051, 1, 74, 82, 50, 2, 0.00%, 8, 1, 6, 214.84, 271111, 130
1056, 1, 74, 83, 51, 2, 0.00%, 11, 1, 6, 214.19, 272179, 132
1061, 1, 74, 84, 52, 2, 0.00%, 11, 1, 6, 215.55, 273243, 132
1066, 1, 74, 84, 52, 2, 0.00%, 12, 1, 6, 217.04, 274407, 132
1071, 1, 74, 84, 52, 2, 0.00%, 12, 1, 6, 227.44, 275567, 132
1076, 1, 74, 84, 52, 2, 0.00%, 12, 1, 6, 156.29, 276563, 132
1081, 1, 74, 84, 52, 2, 0.00%, 12, 1, 6, 217.34, 277739, 132
1087, 1, 74, 84, 52, 2, 0.00%, 14, 1, 6, 173.86, 278687, 132
1092, 1, 74, 84, 52, 2, 0.00%, 14, 1, 6, 171.47, 279512, 132
1097, 1, 74, 84, 52, 2, 0.00%, 14, 1, 6, 211.07, 280643, 132
1102, 1, 74, 84, 52, 2, 0.00%, 14, 1, 6, 217.05, 281775, 132
1107, 1, 74, 84, 52, 2, 0.00%, 14, 1, 6, 156.70, 282719, 132
1112, 1, 74, 84, 52, 2, 0.00%, 16, 1, 6, 213.28, 283875, 132
1117, 1, 74, 84, 52, 2, 0.00%, 16, 1, 6, 112.82, 284833, 132
1123, 1, 74, 84, 52, 2, 0.00%, 16, 1, 6, 216.33, 286067, 132
1128, 1, 74, 84, 52, 2, 0.00%, 16, 1, 6, 228.04, 287263, 132
1133, 1, 74, 84, 52, 2, 0.00%, 16, 1, 6, 218.85, 288255, 132
1138, 1, 74, 84, 52, 2, 0.00%, 16, 1, 6, 223.35, 289407, 132
1143, 1, 74, 84, 52, 2, 0.00%, 16, 1, 6, 228.78, 290499, 132
1148, 1, 74, 84, 52, 2, 0.00%, 16, 1, 6, 190.37, 291509, 132
1153, 1, 74, 84, 52, 2, 0.00%, 16, 1, 6, 210.71, 292611, 132
1158, 1, 74, 84, 52, 2, 0.00%, 16, 1, 6, 220.66, 293703, 132
1163, 1, 74, 84, 52, 2, 0.00%, 16, 1, 6, 207.37, 294663, 132
1168, 1, 74, 84, 52, 2, 0.00%, 16, 1, 6, 214.09, 295751, 132
1173, 1, 74, 84, 52, 2, 0.00%, 16, 1, 6, 38.82, 296835, 132
1178, 1, 74, 84, 52, 2, 0.00%, 16, 1, 6, 235.85, 297971, 132
1184, 1, 74, 84, 52, 2, 0.00%, 16, 1, 6, 213.46, 299063, 132
1189, 1, 74, 84, 52, 2, 0.00%, 16, 1, 6, 214.04, 300159, 132
1194, 1, 80, 84, 51, 6, 0.00%, 17, 1, 6, 185.99, 301040, 132
1199, 1, 80, 84, 51, 6, 0.00%, 17, 1, 6, 197.78, 302041, 132
1204, 1, 80, 84, 51, 6, 0.00%, 17, 1, 6, 206.74, 303020, 132
1209, 1, 21, 84, 50, 5, 0.00%, 17, 1, 6, 220.79, 304164, 132
1214, 1, 21, 84, 50, 5, 0.00%, 17, 1, 6, 222.73, 305269, 132
1219, 1, 82, 84, 50, 5, 0.00%, 18, 1, 6, 222.24, 306306, 132
1224, 1, 76, 84, 49, 4, 0.00%, 18, 1, 6, 234.59, 307502, 132
1229, 1, 76, 84, 49, 4, 0.00%, 20, 1, 6, 234.71, 308444, 132
1234, 1, 76, 84, 49, 4, 0.00%, 20, 1, 6, 227.88, 309571, 132
1239, 1, 79, 84, 48, 3, 0.00%, 20, 1, 6, 220.38, 310710, 132
1244, 1, 34, 84, 47, 2, 0.00%, 20, 1, 6, 196.14, 311613, 132
1249, 1, 81, 84, 47, 2, 0.00%, 20, 1, 6, 211.60, 312681, 132
1254, 1, 28, 84, 46, 1, 0.00%, 20, 1, 6, 168.02, 313546, 132
1259, 1, 28, 84, 46, 1, 0.00%, 20, 1, 6, 210.02, 314658, 132
1265, 1, 32, 84, 46, 1, 0.00%, 20, 1, 6, 239.81, 315910, 132
1270, 1, 32, 84, 46, 1, 0.00%, 20, 1, 6, 79.80, 316610, 132
1275, 1, 32, 84, 46, 1, 0.00%, 20, 1, 6, 193.46, 317671, 132
1280, 1, 78, 84, 46, 1, 0.00%, 20, 1, 6, 209.76, 318789, 132
1285, 1, 78, 84, 46, 1, 0.00%, 20, 1, 6, 45.72, 319885, 132
1290, 1, 28, 84, 45, 0, 0.00%, 20, 1, 6, 202.59, 321112, 132
1295, 1, 28, 84, 45, 0, 0.00%, 20, 1, 6, 213.90, 322173, 132
1300, 1, 28, 84, 45, 0, 0.00%, 20, 1, 6, 217.25, 323245, 132
1305, 1, 28, 84, 45, 0, 0.00%, 20, 1, 6, 227.77, 324388, 132
1310, 1, 28, 84, 45, 0, 0.00%, 20, 1, 6, 222.77, 325472, 132
1315, 1, 7, 84, 45, 0, 0.00%, 20, 1, 6, 203.35, 326466, 132
1320, 1, 9, 84, 45, 0, 0.00%, 20, 1, 6, 220.77, 327640, 132
1325, 1, 28, 84, 45, 0, 0.00%, 20, 1, 6, 203.15, 328647, 132
1331, 1, 28, 84, 45, 0, 0.00%, 20, 1, 6, 217.90, 329669, 132
1336, 1, 15, 84, 45, 0, 0.00%, 20, 1, 6, 204.57, 330641, 132
1341, 1, 28, 84, 44, 0, 0.00%, 20, 1, 6, 218.62, 331809, 132
1346, 1, 28, 84, 44, 0, 0.00%, 20, 1, 6, 268.67, 333255, 132
1351, 1, 80, 84, 44, 0, 0.00%, 20, 1, 6, 223.14, 334335, 132
1356, 1, 67, 84, 44, 0, 0.00%, 20, 1, 6, 211.31, 335455, 132
1361, 1, 67, 84, 44, 0, 0.00%, 20, 1, 6, 233.62, 336648, 132
1366, 1, 67, 84, 44, 0, 0.00%, 20, 1, 6, 204.80, 337670, 132
1371, 1, 28, 84, 44, 0, 0.00%, 20, 1, 6, 234.67, 338807, 132
1376, 1, 28, 84, 44, 0, 0.00%, 20, 1, 6, 243.59, 339980, 132
1381, 1, 9, 84, 44, 0, 0.00%, 21, 1, 6, 241.92, 341229, 132
1387, 1, 28, 84, 44, 0, 0.00%, 21, 1, 6, 214.62, 342370, 132
1392, 1, 28, 84, 44, 0, 0.00%, 21, 1, 6, 225.35, 343526, 132
1397, 1, 21, 84, 44, 0, 0.00%, 21, 1, 6, 257.54, 344791, 132
1402, 1, 21, 84, 44, 0, 0.00%, 21, 1, 6, 256.98, 346069, 132
1407, 1, 32, 84, 44, 0, 0.00%, 21, 1, 6, 233.09, 347245, 132
1412, 1, 32, 84, 44, 0, 0.00%, 21, 1, 6, 226.35, 348320, 132
1417, 1, 10, 84, 44, 0, 0.00%, 21, 1, 6, 152.92, 349433, 132
1422, 1, 47, 84, 44, 0, 0.00%, 21, 1, 6, 210.06, 350593, 132
1428, 1, 7, 84, 44, 0, 0.00%, 21, 1, 6, 213.27, 351685, 132
1433, 1, 24, 84, 44, 0, 0.00%, 21, 1, 6, 189.37, 352618, 132
1438, 1, 77, 84, 44, 0, 0.00%, 21, 1, 6, 206.54, 353654, 132
1443, 1, 10, 84, 43, 0, 0.00%, 21, 1, 6, 202.25, 354681, 132
1448, 1, 21, 84, 43, 0, 0.00%, 21, 1, 6, 218.42, 355797, 132
1453, 1, 21, 84, 43, 0, 0.00%, 21, 1, 6, 185.76, 356567, 132
1458, 1, 21, 84, 43, 0, 0.00%, 21, 1, 6, 212.32, 357626, 132
1463, 1, 28, 84, 43, 0, 0.00%, 21, 1, 6, 233.57, 358811, 132
1468, 1, 28, 84, 43, 0, 0.00%, 21, 1, 6, 172.29, 359668, 132
1473, 1, 50, 84, 42, 0, 0.00%, 21, 1, 6, 223.66, 360869, 132
1479, 2, 77, 87, 45, 0, 0.00%, 21, 1, 7, 231.31, 362062, 133
1484, 2, 77, 87, 45, 0, 0.00%, 21, 1, 7, 238.18, 363242, 133
1489, 2, 77, 87, 45, 0, 0.00%, 21, 1, 7, 239.99, 364386, 133
1494, 2, 77, 88, 46, 0, 0.00%, 21, 1, 7, 254.30, 365709, 133
1499, 2, 77, 88, 46, 0, 0.00%, 21, 1, 7, 351.21, 366892, 133
1504, 2, 77, 88, 46, 0, 0.00%, 21, 1, 7, 303.49, 368420, 133
1509, 2, 77, 88, 46, 0, 0.00%, 21, 1, 7, 287.09, 369834, 133
1514, 2, 77, 88, 46, 0, 0.00%, 21, 1, 7, 300.41, 371354, 133
1519, 2, 43, 88, 46, 1, 0.00%, 21, 1, 7, 291.00, 372478, 133
1524, 2, 21, 88, 45, 1, 0.00%, 21, 1, 7, 252.80, 373739, 133
1529, 2, 21, 91, 48, 1, 0.00%, 22, 1, 7, 233.01, 374971, 135
1534, 2, 28, 91, 48, 2, 0.00%, 22, 1, 7, 217.36, 376083, 135
1539, 2, 28, 91, 48, 2, 0.00%, 22, 1, 7, 249.31, 377441, 135
1544, 2, 32, 91, 48, 2, 0.00%, 22, 1, 7, 245.77, 378720, 135
1549, 2, 32, 91, 48, 2, 0.00%, 22, 1, 7, 248.75, 379968, 135
1555, 2, 88, 91, 48, 2, 0.00%, 23, 1, 7, 246.12, 381237, 135
1560, 2, 88, 91, 48, 2, 0.00%, 23, 1, 7, 253.12, 382461, 135
1565, 2, 84, 91, 47, 1, 0.00%, 23, 1, 7, 250.63, 383761, 135
1570, 2, 7, 91, 46, 0, 0.00%, 23, 1, 7, 267.41, 385121, 135
1575, 2, 28, 91, 46, 0, 0.00%, 23, 1, 7, 252.99, 386276, 135
1580, 2, 28, 91, 46, 0, 0.00%, 23, 1, 7, 255.52, 387589, 135
1585, 2, 28, 91, 46, 0, 0.00%, 23, 1, 7, 208.78, 388669, 135
1590, 2, 32, 91, 46, 0, 0.00%, 23, 1, 7, 214.16, 389673, 135
1595, 2, 28, 91, 46, 0, 0.00%, 23, 1, 7, 257.04, 391069, 135
1600, 2, 28, 91, 46, 0, 0.00%, 23, 1, 7, 288.50, 392387, 135
1606, 2, 28, 92, 47, 0, 0.00%, 23, 1, 7, 259.96, 393720, 135
1611, 2, 28, 92, 47, 0, 0.00%, 23, 1, 7, 263.63, 395133, 135
1616, 2, 27, 93, 48, 0, 0.00%, 23, 1, 7, 299.34, 396331, 135
1621, 2, 28, 93, 48, 0, 0.00%, 23, 1, 7, 286.34, 397766, 135
1626, 2, 28, 98, 53, 0, 0.00%, 23, 1, 7, 247.66, 398936, 135
1631, 2, 28, 99, 54, 0, 0.00%, 23, 1, 7, 155.66, 399688, 135
1636, 2, 28, 103, 58, 0, 0.00%, 24, 1, 7, 197.99, 400816, 135
1641, 2, 28, 104, 59, 0, 0.00%, 24, 1, 7, 242.08, 402108, 135
1647, 2, 79, 104, 59, 0, 0.00%, 25, 1, 7, 258.80, 403452, 135
1652, 2, 79, 104, 59, 0, 0.00%, 25, 1, 7, 244.33, 404628, 135
1657, 2, 79, 104, 59, 0, 0.00%, 25, 1, 7, 279.05, 406098, 135
1662, 2, 79, 104, 59, 0, 0.00%, 25, 1, 7, 260.44, 407423, 135
1667, 2, 79, 104, 59, 0, 0.00%, 25, 1, 7, 223.50, 408512, 135
1672, 2, 7, 104, 59, 0, 0.00%, 25, 1, 7, 269.32, 409969, 135
1677, 2, 27, 104, 59, 0, 0.00%, 25, 1, 7, 253.62, 411339, 135
1682, 2, 7, 104, 59, 0, 0.00%, 25, 1, 7, 291.05, 412824, 135
1688, 2, 28, 104, 59, 0, 0.00%, 25, 1, 7, 295.81, 414331, 135
1693, 2, 28, 104, 59, 0, 0.00%, 25, 1, 7, 326.46, 416054, 135
1698, 2, 67, 106, 61, 0, 0.00%, 25, 1, 7, 278.61, 417801, 135
1703, 2, 7, 106, 61, 0, 0.00%, 25, 1, 7, 301.71, 419404, 135
1708, 2, 28, 106, 61, 0, 0.00%, 25, 1, 7, 269.59, 420744, 135
1713, 2, 28, 106, 61, 0, 0.00%, 25, 1, 7, 286.44, 422136, 135
1718, 2, 28, 106, 61, 0, 0.00%, 25, 1, 7, 302.94, 423762, 135
1723, 2, 28, 106, 61, 0, 0.00%, 25, 1, 7, 323.26, 425390, 135
1729, 2, 28, 106, 61, 0, 0.00%, 25, 1, 7, 298.24, 426868, 135
1734, 2, 28, 106, 61, 0, 0.00%, 25, 1, 7, 319.67, 428374, 135
1739, 2, 28, 106, 61, 0, 0.00%, 25, 1, 7, 290.07, 429895, 135
1744, 2, 53, 106, 61, 0, 0.00%, 25, 1, 7, 54.96, 431248, 135
1749, 2, 80, 106, 61, 0, 0.00%, 25, 1, 7, 309.11, 432857, 135
1754, 2, 40, 106, 61, 0, 0.00%, 25, 1, 7, 312.47, 434482, 135
1759, 2, 71, 106, 61, 0, 0.00%, 25, 1, 7, 326.33, 436143, 135
1764, 2, 53, 106, 61, 0, 0.00%, 25, 1, 7, 374.16, 437613, 135
1769, 2, 53, 106, 61, 0, 0.00%, 25, 1, 7, 289.73, 438970, 135
1775, 2, 28, 106, 61, 0, 0.00%, 25, 1, 7, 321.18, 440680, 135
1780, 2, 28, 106, 61, 0, 0.00%, 25, 1, 7, 347.92, 442180, 135
1785, 2, 28, 106, 61, 0, 0.00%, 25, 1, 7, 334.81, 443882, 135
1790, 2, 9, 106, 61, 0, 0.00%, 25, 1, 7, 340.37, 445647, 135
1795, 2, 28, 106, 61, 0, 0.00%, 25, 1, 7, 295.65, 447158, 135
1800, 2, 7, 106, 61, 0, 0.00%, 25, 1, 7, 320.65, 448831, 135
1805, 2, 7, 106, 61, 0, 0.00%, 25, 1, 7, 295.58, 450322, 135
1810, 2, 79, 106, 61, 0, 0.00%, 25, 1, 7, 251.49, 451537, 135
1816, 2, 79, 106, 61, 0, 0.00%, 25, 1, 7, 243.63, 452732, 135
1821, 2, 79, 106, 61, 0, 0.00%, 25, 1, 7, 320.40, 454379, 135
1826, 2, 79, 106, 61, 0, 0.00%, 25, 1, 7, 367.71, 456248, 135
1831, 2, 84, 106, 61, 0, 0.00%, 25, 1, 7, 335.70, 457955, 135
1836, 2, 84, 106, 61, 0, 0.00%, 25, 1, 7, 294.36, 459258, 135
1841, 2, 68, 106, 61, 0, 0.00%, 25, 1, 7, 324.54, 460848, 135
1846, 2, 88, 106, 61, 0, 0.00%, 25, 1, 7, 334.54, 462636, 135
1851, 2, 14, 106, 60, 0, 0.00%, 25, 1, 7, 375.30, 464230, 135
1856, 2, 27, 106, 59, 0, 0.00%, 25, 1, 7, 322.81, 465708, 135
1861, 2, 28, 106, 59, 0, 0.00%, 25, 1, 7, 325.28, 467402, 135
1867, 2, 77, 106, 59, 0, 0.00%, 25, 1, 7, 300.82, 468891, 135
1872, 2, 28, 106, 59, 0, 0.00%, 25, 1, 7, 258.03, 470217, 135
1877, 2, 28, 106, 59, 0, 0.00%, 25, 1, 7, 314.56, 471835, 135
1882, 2, 14, 106, 59, 0, 0.00%, 25, 1, 7, 428.71, 474013, 135
1887, 2, 28, 106, 59, 0, 0.00%, 25, 1, 7, 471.13, 476591, 135
1892, 2, 79, 106, 59, 0, 0.00%, 25, 1, 7, 393.92, 478715, 135
1897, 2, 79, 106, 59, 0, 0.00%, 25, 1, 7, 357.38, 480407, 135
1903, 2, 79, 106, 59, 0, 0.00%, 25, 1, 7, 553.39, 482334, 135
1908, 2, 28, 106, 59, 0, 0.00%, 25, 1, 7, 493.37, 484865, 135
1913, 2, 32, 106, 59, 0, 0.00%, 27, 1, 7, 461.93, 487151, 135
1918, 2, 28, 107, 60, 0, 0.00%, 27, 1, 7, 472.38, 489530, 135
1923, 2, 28, 107, 60, 0, 0.00%, 27, 1, 7, 482.55, 492113, 135
1928, 2, 28, 107, 60, 0, 0.00%, 27, 1, 7, 445.63, 494259, 135
1933, 2, 7, 107, 60, 0, 0.00%, 27, 1, 7, 476.63, 496651, 135
1938, 2, 84, 107, 60, 0, 0.00%, 27, 1, 7, 501.55, 499308, 135
1943, 2, 88, 107, 60, 0, 0.00%, 27, 1, 7, 36.97, 500657, 135
1949, 2, 88, 107, 60, 0, 0.00%, 27, 1, 7, 246.98, 501295, 135
1954, 2, 32, 107, 60, 0, 0.00%, 28, 1, 7, 460.59, 503655, 135
1959, 2, 67, 107, 60, 0, 0.00%, 28, 1, 7, 574.33, 506871, 135
1964, 2, 76, 107, 59, 0, 0.00%, 28, 1, 7, 655.89, 510369, 135
1969, 2, 76, 107, 59, 0, 0.00%, 28, 1, 7, 655.69, 513663, 135
1974, 2, 76, 107, 59, 0, 0.00%, 29, 1, 7, 367.23, 516383, 135
1979, 2, 10, 108, 60, 0, 0.00%, 29, 1, 7, 567.53, 519617, 135
1984, 2, 28, 109, 61, 0, 0.00%, 29, 1, 7, 585.53, 522533, 135
1990, 2, 28, 109, 61, 0, 0.00%, 29, 1, 7, 665.72, 526031, 135
1995, 2, 7, 109, 61, 0, 0.00%, 29, 1, 7, 585.22, 528488, 135
2000, 2, 28, 110, 62, 0, 0.00%, 29, 1, 7, 682.92, 531392, 135
2005, 2, 28, 110, 62, 0, 0.00%, 29, 1, 7, 415.19, 533854, 135
2010, 2, 7, 110, 62, 0, 0.00%, 29, 1, 7, 613.21, 537068, 135
2015, 2, 28, 110, 62, 0, 0.00%, 29, 1, 7, 634.71, 540518, 135
2020, 2, 28, 110, 62, 0, 0.00%, 29, 1, 7, 510.31, 542969, 135
2025, 2, 28, 110, 62, 0, 0.00%, 29, 1, 7, 648.01, 546374, 135
2030, 2, 28, 110, 62, 0, 0.00%, 29, 1, 7, 674.63, 549750, 135
2036, 2, 28, 110, 62, 0, 0.00%, 29, 1, 7, 659.66, 553028, 135
2041, 2, 28, 110, 62, 0, 0.00%, 29, 1, 7, 604.68, 555970, 135
2046, 2, 28, 110, 62, 0, 0.00%, 29, 1, 7, 538.85, 558849, 135
2051, 2, 28, 110, 62, 0, 0.00%, 29, 1, 7, 570.90, 561693, 135
2056, 2, 28, 110, 62, 0, 0.00%, 29, 1, 7, 582.62, 564650, 135
2061, 3, 77, 110, 62, 0, 0.00%, 29, 1, 7, 618.43, 567727, 135
2066, 3, 28, 110, 62, 0, 0.00%, 29, 1, 7, 538.83, 570521, 135
2071, 3, 28, 113, 65, 0, 0.00%, 29, 1, 7, 587.61, 573611, 135
2076, 3, 28, 113, 65, 0, 0.00%, 29, 1, 7, 602.13, 576535, 135
2081, 3, 28, 113, 65, 0, 0.00%, 29, 1, 7, 638.17, 579956, 135
2086, 3, 28, 113, 65, 0, 0.00%, 29, 1, 7, 510.46, 582372, 135
2092, 3, 28, 113, 65, 0, 0.00%, 29, 1, 7, 396.41, 584503, 135
2097, 3, 28, 113, 65, 0, 0.00%, 29, 1, 7, 542.95, 587369, 135
2102, 3, 28, 113, 65, 0, 0.00%, 29, 1, 7, 651.18, 590927, 135
2107, 3, 28, 114, 66, 0, 0.00%, 29, 1, 7, 656.49, 594146, 135
2112, 3, 82, 114, 66, 0, 0.00%, 29, 1, 7, 628.36, 597258, 135
2117, 3, 28, 114, 66, 0, 0.00%, 29, 1, 7, 616.59, 600459, 135
2122, 3, 84, 114, 66, 0, 0.00%, 29, 1, 7, 616.11, 603266, 135
2127, 3, 28, 114, 66, 0, 0.00%, 29, 1, 7, 590.63, 606308, 135
2132, 3, 7, 114, 66, 0, 0.00%, 29, 1, 7, 548.17, 609074, 135
2137, 3, 38, 114, 66, 0, 0.00%, 29, 1, 7, 620.48, 612384, 135
2142, 3, 7, 114, 66, 0, 0.00%, 29, 1, 7, 558.30, 615186, 135
2148, 3, 7, 114, 66, 0, 0.00%, 29, 1, 7, 630.77, 618300, 135
2153, 3, 28, 114, 66, 0, 0.00%, 29, 1, 7, 637.49, 621643, 135
2158, 3, 28, 114, 66, 0, 0.00%, 29, 1, 7, 636.83, 624887, 135
2163, 3, 28, 114, 66, 0, 0.00%, 29, 1, 7, 575.95, 627943, 135
2168, 3, 27, 114, 66, 0, 0.00%, 29, 1, 7, 654.40, 631309, 135
2173, 3, 80, 114, 66, 0, 0.00%, 29, 1, 7, 539.93, 633979, 135
2178, 3, 53, 114, 66, 0, 0.00%, 29, 1, 7, 671.59, 637498, 135
2184, 3, 7, 114, 66, 0, 0.00%, 29, 1, 7, 503.84, 639923, 135
2189, 3, 28, 114, 66, 0, 0.00%, 29, 1, 7, 535.40, 642533, 135
2194, 3, 28, 114, 66, 0, 0.00%, 29, 1, 7, 597.41, 645625, 135
2199, 3, 28, 114, 66, 0, 0.00%, 29, 1, 7, 576.45, 648537, 135
2204, 3, 78, 114, 66, 0, 0.00%, 29, 1, 7, 644.77, 651803, 135
2209, 3, 77, 114, 66, 0, 0.00%, 29, 1, 7, 644.61, 655052, 135
2214, 3, 28, 114, 66, 0, 0.00%, 29, 1, 7, 83.91, 656812, 135
2219, 3, 76, 114, 66, 0, 0.00%, 30, 1, 7, 528.14, 659156, 135
2224, 3, 76, 114, 66, 0, 0.00%, 30, 1, 7, 526.16, 661756, 135
2229, 3, 28, 114, 66, 0, 0.00%, 30, 1, 7, 547.37, 664532, 135
2234, 3, 78, 114, 66, 0, 0.00%, 30, 1, 7, 602.58, 667541, 135
2240, 3, 28, 114, 66, 0, 0.00%, 30, 1, 7, 539.76, 670399, 135
2245, 3, 28, 114, 66, 0, 0.00%, 30, 1, 7, 573.94, 673325, 135
2250, 3, 28, 114, 66, 0, 0.00%, 30, 1, 7, 526.43, 675976, 135
2255, 3, 53, 114, 66, 0, 0.00%, 30, 1, 7, 554.99, 678955, 135
2260, 3, 10, 114, 66, 0, 0.00%, 30, 1, 7, 616.53, 682123, 135
2265, 3, 28, 114, 66, 0, 0.00%, 30, 1, 7, 678.07, 685702, 135
2270, 3, 28, 114, 66, 0, 0.00%, 30, 1, 7, 443.94, 687897, 135
2276, 3, 28, 114, 66, 0, 0.00%, 30, 1, 7, 524.11, 690251, 135
2281, 3, 27, 114, 66, 0, 0.00%, 30, 1, 7, 547.08, 692901, 135
2286, 3, 28, 114, 66, 0, 0.00%, 30, 1, 7, 660.76, 696500, 135
2291, 3, 28, 114, 66, 0, 0.00%, 30, 1, 7, 668.83, 699955, 135
2296, 3, 77, 114, 66, 0, 0.00%, 30, 1, 7, 651.56, 703314, 135
2301, 3, 28, 114, 66, 0, 0.00%, 30, 1, 7, 668.57, 706756, 135
2306, 3, 7, 114, 66, 0, 0.00%, 30, 1, 7, 654.59, 710093, 135
2311, 3, 27, 114, 66, 0, 0.00%, 30, 1, 7, 594.04, 712988, 135
2316, 3, 27, 114, 66, 0, 0.00%, 30, 1, 7, 597.45, 716017, 135
2322, 3, 7, 114, 66, 0, 0.00%, 30, 1, 7, 667.90, 719373, 135
2327, 3, 28, 114, 66, 0, 0.00%, 30, 1, 7, 617.98, 722508, 135
2332, 3, 28, 114, 66, 0, 0.00%, 30, 1, 7, 577.52, 725569, 135
2337, 3, 38, 114, 66, 0, 0.00%, 30, 1, 7, 633.60, 728689, 135
2342, 4, 31, 114, 65, 0, 0.00%, 30, 1, 7, 622.26, 731952, 135
2347, 4, 79, 114, 65, 0, 0.00%, 30, 1, 7, 626.07, 735149, 135
2352, 4, 79, 114, 65, 0, 0.00%, 30, 1, 7, 73.13, 738208, 135
2357, 4, 28, 114, 65, 0, 0.00%, 30, 1, 7, 564.25, 740886, 135
2362, 4, 7, 114, 65, 0, 0.00%, 30, 1, 7, 467.19, 743652, 135
2367, 4, 7, 114, 65, 0, 0.00%, 31, 1, 7, 594.37, 746797, 135
2372, 4, 97, 114, 65, 0, 0.00%, 31, 1, 7, 557.53, 749613, 135
2378, 4, 97, 115, 66, 0, 0.00%, 31, 1, 7, 513.64, 752138, 135
2383, 4, 30, 115, 65, 0, 0.00%, 31, 1, 7, 555.48, 755005, 135
2388, 4, 88, 115, 65, 0, 0.00%, 31, 1, 7, 645.06, 758248, 135
2393, 4, 38, 115, 65, 0, 0.00%, 31, 1, 7, 611.00, 761396, 135
2398, 4, 7, 115, 65, 0, 0.00%, 31, 1, 7, 593.61, 764493, 135
2403, 4, 10, 115, 65, 0, 0.00%, 31, 1, 7, 640.87, 767710, 135
2408, 4, 84, 115, 65, 0, 0.00%, 31, 1, 7, 628.41, 770967, 135
2413, 4, 38, 115, 65, 0, 0.00%, 31, 1, 7, 679.59, 774440, 135
2419, 4, 46, 115, 65, 0, 0.00%, 31, 1, 7, 648.52, 777665, 135
2424, 4, 7, 115, 65, 0, 0.00%, 31, 1, 7, 689.34, 781212, 135
2429, 4, 29, 115, 65, 0, 0.00%, 31, 1, 7, 718.78, 784814, 135
2434, 4, 82, 115, 65, 0, 0.00%, 31, 1, 7, 687.03, 788153, 135
2439, 4, 28, 115, 65, 0, 0.00%, 31, 1, 7, 622.64, 791237, 135
2444, 4, 28, 115, 65, 0, 0.00%, 31, 1, 7, 648.37, 794388, 135
2449, 4, 67, 115, 65, 0, 0.00%, 31, 1, 7, 534.57, 797037, 135
2454, 4, 40, 115, 65, 0, 0.00%, 31, 1, 7, 506.29, 799611, 135
2459, 4, 28, 115, 65, 0, 0.00%, 31, 1, 7, 651.16, 803145, 135
2465, 4, 28, 115, 65, 0, 0.00%, 31, 1, 7, 602.58, 806126, 135
2470, 4, 67, 115, 65, 0, 0.00%, 31, 1, 7, 682.51, 809740, 135
2475, 4, 28, 115, 65, 0, 0.00%, 31, 1, 7, 673.29, 813008, 135
2480, 4, 53, 115, 65, 0, 0.00%, 31, 1, 7, 600.63, 815776, 135
2485, 4, 82, 115, 65, 0, 0.00%, 31, 1, 7, 646.59, 819109, 135
2490, 4, 28, 115, 65, 0, 0.00%, 31, 1, 7, 655.55, 822328, 135
2495, 4, 27, 115, 65, 0, 0.00%, 31, 1, 7, 577.35, 825281, 135
2500, 4, 47, 115, 65, 0, 0.00%, 31, 1, 7, 663.04, 828700, 135
2505, 4, 28, 115, 65, 0, 0.00%, 31, 1, 7, 639.57, 831762, 135
2511, 4, 28, 115, 65, 0, 0.00%, 31, 1, 7, 605.64, 834808, 135
2516, 4, 68, 115, 65, 0, 0.00%, 31, 1, 7, 478.32, 837214, 135
2521, 4, 28, 115, 65, 0, 0.00%, 31, 1, 7, 577.32, 840284, 135
2526, 4, 38, 115, 65, 0, 0.00%, 31, 1, 7, 626.40, 843261, 135
2531, 4, 45, 115, 65, 0, 0.00%, 31, 1, 7, 694.88, 846871, 135
2536, 4, 68, 115, 65, 0, 0.00%, 31, 1, 7, 489.46, 849114, 135
2541, 4, 28, 115, 65, 0, 0.00%, 31, 1, 7, 568.06, 852032, 135
2546, 4, 7, 115, 65, 0, 0.00%, 31, 1, 7, 560.60, 854924, 135
2551, 4, 28, 115, 65, 0, 0.00%, 31, 1, 7, 518.67, 857741, 135
2556, 4, 28, 115, 65, 0, 0.00%, 31, 1, 7, 590.69, 860764, 135
2561, 4, 28, 115, 65, 0, 0.00%, 31, 1, 7, 613.20, 863843, 135
2567, 4, 77, 115, 65, 0, 0.00%, 31, 1, 7, 657.86, 867382, 135
2572, 4, 7, 115, 65, 0, 0.00%, 31, 1, 7, 642.19, 870767, 135
2577, 4, 28, 115, 65, 0, 0.00%, 31, 1, 7, 586.72, 873645, 135
2582, 4, 53, 115, 65, 0, 0.00%, 31, 1, 7, 619.48, 876894, 135
2587, 4, 7, 115, 65, 0, 0.00%, 31, 2, 7, 580.76, 879463, 135
2592, 4, 28, 115, 65, 0, 0.00%, 31, 2, 7, 631.12, 882857, 135
2597, 5, 28, 115, 65, 0, 0.00%, 31, 2, 7, 666.76, 886435, 135
2603, 5, 28, 115, 65, 0, 0.00%, 31, 2, 7, 631.08, 889475, 135
2608, 5, 82, 115, 65, 0, 0.00%, 31, 2, 7, 627.42, 892714, 135
2613, 5, 71, 115, 65, 0, 0.00%, 31, 2, 7, 308.75, 895029, 135
2618, 5, 7, 115, 65, 0, 0.00%, 31, 2, 7, 376.62, 897044, 135
2623, 5, 28, 115, 65, 0, 0.00%, 31, 2, 7, 590.72, 900277, 135
2628, 5, 38, 115, 65, 0, 0.00%, 31, 2, 7, 651.64, 903599, 135
2633, 5, 84, 115, 65, 0, 0.00%, 31, 2, 7, 624.06, 906738, 135
2638, 5, 82, 115, 65, 0, 0.00%, 31, 3, 7, 539.82, 908875, 135
2643, 5, 67, 115, 65, 0, 0.00%, 31, 3, 7, 663.46, 912305, 135
2648, 5, 27, 116, 66, 0, 0.00%, 31, 3, 7, 623.33, 915362, 135
2653, 5, 77, 116, 66, 0, 0.00%, 31, 3, 7, 587.03, 918282, 135
2658, 5, 28, 116, 66, 0, 0.00%, 31, 3, 7, 581.40, 920744, 135
2663, 5, 28, 116, 66, 0, 0.00%, 31, 3, 7, 621.54, 923809, 135
2668, 5, 28, 116, 66, 0, 0.00%, 31, 3, 7, 683.25, 927276, 135
2674, 5, 28, 116, 66, 0, 0.00%, 31, 3, 7, 665.84, 930478, 135
2679, 5, 32, 116, 66, 0, 0.00%, 31, 3, 7, 622.70, 933379, 135
2684, 5, 46, 116, 66, 0, 0.00%, 31, 3, 7, 586.77, 936342, 135
2689, 5, 68, 116, 66, 0, 0.00%, 31, 3, 7, 598.51, 939364, 135
2694, 5, 76, 117, 67, 0, 0.00%, 31, 3, 7, 585.63, 942462, 137
2699, 5, 76, 117, 67, 0, 0.00%, 31, 3, 7, 454.91, 944548, 137
2704, 5, 76, 117, 67, 0, 0.00%, 32, 3, 7, 480.25, 947056, 137
2709, 5, 76, 117, 67, 0, 0.00%, 32, 3, 7, 557.11, 949943, 137
2714, 5, 116, 118, 68, 1, 0.00%, 32, 3, 8, 142.72, 951801, 139
2720, 5, 116, 118, 68, 1, 0.00%, 32, 3, 8, 394.69, 954185, 139
2725, 5, 116, 118, 68, 1, 0.00%, 32, 3, 8, 473.43, 956651, 139
2730, 5, 116, 118, 68, 1, 0.00%, 32, 3, 8, 500.33, 959225, 139
2735, 5, 116, 118, 68, 1, 0.00%, 32, 3, 8, 524.78, 961943, 139
2740, 5, 32, 118, 66, 1, 0.00%, 32, 3, 8, 522.56, 964536, 139
2745, 5, 28, 118, 66, 1, 0.00%, 32, 3, 8, 538.00, 967172, 139
2751, 5, 71, 118, 66, 1, 0.00%, 32, 4, 8, 105.02, 970733, 139
2756, 5, 117, 119, 67, 1, 0.00%, 33, 4, 8, 63.38, 973240, 139
2761, 5, 28, 119, 66, 0, 0.00%, 33, 4, 8, 577.08, 975321, 139
2767, 5, 45, 119, 66, 0, 0.00%, 33, 4, 8, 500.00, 978228, 139
2772, 5, 7, 119, 66, 0, 0.00%, 33, 4, 8, 593.88, 981349, 139
2777, 5, 7, 119, 66, 0, 0.00%, 33, 4, 8, 575.10, 984199, 139
2782, 5, 28, 119, 66, 0, 0.00%, 33, 4, 8, 535.95, 986866, 139
2787, 5, 116, 119, 66, 0, 0.00%, 33, 4, 8, 640.94, 990407, 139
2792, 5, 28, 119, 66, 0, 0.00%, 33, 4, 8, 585.40, 993354, 139
2797, 5, 32, 119, 66, 0, 0.00%, 33, 4, 8, 587.96, 996323, 139
2803, 5, 28, 119, 66, 0, 0.00%, 33, 4, 8, 546.01, 999119, 139
2808, 5, 53, 119, 66, 0, 0.00%, 33, 4, 8, 567.64, 1001851, 139
2813, 5, 67, 119, 66, 0, 0.00%, 33, 4, 8, 562.44, 1004668, 139
2818, 5, 28, 119, 66, 0, 0.00%, 33, 4, 8, 628.53, 1007926, 139
2823, 5, 45, 119, 66, 0, 0.00%, 33, 4, 8, 680.04, 1011395, 139
2828, 5, 28, 119, 66, 0, 0.00%, 33, 4, 8, 600.52, 1014456, 139
2833, 5, 7, 120, 67, 0, 0.00%, 33, 4, 8, 579.10, 1017212, 139
2838, 5, 28, 120, 67, 0, 0.00%, 33, 4, 8, 393.89, 1019551, 139
2843, 5, 32, 120, 67, 0, 0.00%, 33, 4, 8, 554.38, 1022457, 139
2848, 5, 27, 122, 69, 0, 0.00%, 33, 4, 8, 557.79, 1025322, 139
2853, 5, 10, 122, 69, 0, 0.00%, 33, 4, 8, 620.66, 1027843, 139
2858, 5, 67, 122, 69, 0, 0.00%, 33, 4, 8, 611.61, 1031052, 139
2864, 5, 28, 122, 69, 0, 0.00%, 33, 4, 8, 604.14, 1034228, 139
2869, 5, 71, 122, 69, 0, 0.00%, 33, 4, 8, 606.77, 1037218, 139
2874, 5, 28, 122, 69, 0, 0.00%, 33, 4, 8, 648.96, 1040480, 139
2879, 5, 108, 122, 69, 0, 0.00%, 33, 4, 8, 508.16, 1043432, 139
2884, 5, 32, 122, 68, 0, 0.00%, 33, 4, 8, 591.93, 1046715, 139
2889, 5, 67, 122, 68, 0, 0.00%, 33, 4, 8, 563.14, 1049518, 139
2894, 5, 82, 122, 68, 0, 0.00%, 33, 4, 8, 546.80, 1052372, 139
2899, 5, 28, 122, 68, 0, 0.00%, 33, 4, 8, 603.45, 1055542, 139
2904, 5, 28, 122, 68, 0, 0.00%, 33, 4, 8, 596.20, 1058548, 139
2909, 5, 28, 122, 68, 0, 0.00%, 33, 4, 8, 594.37, 1061567, 139
2914, 5, 28, 122, 68, 0, 0.00%, 33, 4, 8, 593.97, 1064455, 139
2919, 5, 10, 122, 68, 0, 0.00%, 33, 4, 8, 604.45, 1067717, 139
2924, 5, 28, 122, 68, 0, 0.00%, 33, 4, 8, 673.77, 1071134, 139
2930, 6, 77, 122, 68, 0, 0.00%, 33, 4, 8, 589.62, 1074061, 139
2935, 6, 116, 122, 68, 0, 0.00%, 33, 4, 8, 499.70, 1076545, 139
2940, 6, 32, 122, 68, 0, 0.00%, 33, 4, 8, 599.67, 1079881, 139
2945, 6, 79, 122, 68, 0, 0.00%, 33, 4, 8, 563.70, 1082756, 139
2950, 6, 79, 122, 68, 0, 0.00%, 33, 4, 8, 528.82, 1085520, 139
2955, 6, 71, 122, 68, 0, 0.00%, 33, 4, 8, 650.89, 1089061, 139
2960, 6, 67, 122, 68, 0, 0.00%, 33, 4, 8, 572.40, 1091976, 139
2965, 6, 28, 122, 68, 0, 0.00%, 33, 4, 8, 682.99, 1095637, 139
2970, 6, 49, 122, 68, 0, 0.00%, 33, 4, 8, 542.31, 1098308, 139
2975, 6, 116, 122, 67, 0, 0.00%, 33, 4, 8, 581.34, 1101406, 139
2980, 6, 28, 122, 67, 0, 0.00%, 33, 4, 8, 660.30, 1104762, 139
2986, 6, 40, 122, 67, 0, 0.00%, 33, 4, 8, 563.79, 1107650, 139
2991, 6, 68, 122, 67, 0, 0.00%, 33, 4, 8, 596.51, 1110648, 139
2996, 6, 10, 122, 67, 0, 0.00%, 33, 4, 8, 639.81, 1113833, 139
3001, 6, 28, 122, 67, 0, 0.00%, 33, 4, 8, 608.57, 1116935, 139
3006, 6, 28, 122, 67, 0, 0.00%, 33, 4, 8, 515.90, 1119782, 139
3011, 6, 76, 122, 67, 0, 0.00%, 33, 4, 8, 544.03, 1122656, 139
3016, 6, 76, 122, 67, 0, 0.00%, 33, 4, 8, 544.87, 1125376, 139
3021, 6, 76, 122, 67, 0, 0.00%, 33, 4, 8, 605.86, 1128560, 139
3026, 6, 28, 122, 67, 0, 0.00%, 33, 4, 8, 622.92, 1131710, 139
3031, 6, 80, 122, 67, 0, 0.00%, 33, 4, 8, 610.19, 1134561, 139
3037, 6, 27, 122, 67, 0, 0.00%, 33, 4, 8, 598.72, 1137760, 139
3042, 6, 10, 122, 67, 0, 0.00%, 33, 4, 8, 541.59, 1140424, 139
3047, 6, 28, 122, 66, 0, 0.00%, 33, 4, 8, 576.65, 1143393, 139
3052, 6, 28, 122, 66, 0, 0.00%, 33, 4, 8, 621.71, 1146759, 139
3057, 6, 28, 122, 66, 0, 0.00%, 33, 4, 8, 579.86, 1149631, 139
3062, 6, 28, 122, 66, 0, 0.00%, 33, 4, 8, 622.61, 1152945, 139
3067, 6, 38, 122, 66, 0, 0.00%, 33, 4, 8, 656.87, 1156220, 139
3072, 6, 28, 122, 66, 0, 0.00%, 33, 4, 8, 633.62, 1159369, 139
3077, 6, 28, 122, 66, 0, 0.00%, 33, 4, 8, 615.64, 1161940, 139
3082, 6, 87, 122, 66, 0, 0.00%, 33, 4, 8, 549.61, 1164782, 139
3087, 6, 7, 122, 65, 0, 0.00%, 33, 4, 8, 578.09, 1167806, 139
3093, 6, 38, 122, 65, 0, 0.00%, 33, 4, 8, 590.42, 1170848, 139
3098, 6, 28, 122, 65, 0, 0.00%, 33, 4, 8, 652.43, 1174080, 139
3103, 6, 7, 122, 65, 0, 0.00%, 33, 4, 8, 600.87, 1177128, 139
3108, 6, 38, 122, 65, 0, 0.00%, 33, 4, 8, 577.95, 1180150, 139
3113, 6, 79, 122, 65, 0, 0.00%, 33, 4, 8, 529.34, 1182893, 139
3118, 6, 79, 122, 65, 0, 0.00%, 33, 4, 8, 540.94, 1185633, 139
3123, 6, 79, 122, 65, 0, 0.00%, 33, 4, 8, 557.86, 1188553, 139
3128, 6, 28, 122, 65, 0, 0.00%, 33, 4, 8, 513.90, 1191190, 139
3133, 6, 28, 122, 65, 0, 0.00%, 33, 4, 8, 627.29, 1194360, 139
3138, 6, 10, 122, 65, 0, 0.00%, 33, 4, 8, 672.05, 1197767, 139
3143, 6, 53, 122, 65, 0, 0.00%, 33, 4, 8, 645.49, 1200921, 139
3149, 6, 28, 122, 65, 0, 0.00%, 33, 4, 8, 557.94, 1203640, 139
3154, 6, 28, 122, 65, 0, 0.00%, 33, 4, 8, 496.97, 1206152, 139
3159, 6, 10, 122, 65, 0, 0.00%, 33, 4, 8, 560.05, 1209041, 139
3164, 6, 80, 123, 66, 0, 0.00%, 33, 4, 8, 552.32, 1211898, 139
3169, 6, 28, 123, 66, 0, 0.00%, 33, 4, 8, 645.48, 1215181, 139
3174, 6, 27, 123, 66, 0, 0.00%, 33, 4, 8, 102.69, 1217769, 139
3179, 6, 28, 123, 66, 0, 0.00%, 33, 4, 8, 693.63, 1221245, 139
3184, 6, 28, 123, 66, 0, 0.00%, 33, 4, 8, 636.29, 1224411, 139
3189, 6, 27, 123, 66, 0, 0.00%, 33, 4, 8, 556.72, 1227124, 139
3195, 6, 84, 123, 66, 0, 0.00%, 33, 4, 8, 592.90, 1230252, 139
3200, 6, 28, 123, 66, 0, 0.00%, 33, 4, 8, 459.25, 1232942, 139
3205, 6, 28, 123, 66, 0, 0.00%, 33, 4, 8, 613.62, 1236085, 139
3210, 6, 23, 123, 66, 0, 0.00%, 33, 4, 8, 658.33, 1239485, 139
3215, 6, 88, 123, 65, 0, 0.00%, 33, 4, 8, 620.71, 1242553, 139
3220, 6, 50, 123, 65, 0, 0.00%, 33, 4, 8, 554.84, 1245197, 139
3225, 6, 28, 123, 65, 0, 0.00%, 33, 4, 8, 625.82, 1248619, 139
3230, 6, 28, 123, 65, 0, 0.00%, 33, 4, 8, 614.05, 1251640, 139
3236, 6, 38, 123, 65, 0, 0.00%, 33, 4, 8, 553.66, 1254372, 139
3241, 6, 27, 123, 65, 0, 0.00%, 33, 4, 8, 658.73, 1257142, 139
3246, 6, 38, 123, 65, 0, 0.00%, 33, 4, 8, 661.67, 1260503, 139
3251, 6, 116, 123, 65, 0, 0.00%, 33, 4, 8, 573.77, 1263477, 139
3256, 6, 116, 123, 65, 0, 0.00%, 33, 4, 8, 592.12, 1265867, 139
3261, 6, 28, 123, 65, 0, 0.00%, 33, 4, 8, 615.74, 1268920, 139
3266, 7, 28, 123, 65, 0, 0.00%, 33, 4, 8, 655.82, 1272398, 139
3271, 7, 28, 123, 65, 0, 0.00%, 33, 4, 8, 234.91, 1275158, 139
3276, 7, 71, 123, 65, 0, 0.00%, 33, 4, 8, 495.69, 1277968, 139
3282, 7, 71, 123, 65, 0, 0.00%, 33, 4, 8, 596.36, 1281218, 139
3287, 7, 77, 123, 65, 0, 0.00%, 33, 4, 8, 646.31, 1284557, 139
3292, 7, 28, 123, 65, 0, 0.00%, 33, 4, 8, 631.86, 1287884, 139
3297, 7, 7, 123, 65, 0, 0.00%, 33, 4, 8, 629.82, 1291170, 139
3302, 7, 9, 123, 65, 0, 0.00%, 33, 4, 8, 576.89, 1294314, 139
3307, 7, 28, 123, 65, 0, 0.00%, 33, 4, 8, 684.35, 1297919, 139
3312, 7, 10, 123, 65, 0, 0.00%, 33, 4, 8, 585.71, 1300730, 139
3317, 7, 28, 123, 65, 0, 0.00%, 33, 4, 8, 648.77, 1304042, 139
3323, 7, 28, 123, 65, 0, 0.00%, 33, 4, 8, 691.51, 1307662, 139
3328, 7, 28, 123, 65, 0, 0.00%, 33, 4, 8, 596.86, 1310511, 139
3333, 7, 29, 123, 65, 0, 0.00%, 33, 4, 8, 652.12, 1313863, 139
3338, 7, 77, 123, 65, 0, 0.00%, 33, 4, 8, 580.38, 1316841, 139
3343, 7, 28, 123, 65, 0, 0.00%, 33, 4, 8, 625.35, 1319930, 139
3348, 7, 71, 123, 65, 0, 0.00%, 33, 4, 8, 656.90, 1322624, 139
3353, 7, 28, 123, 65, 0, 0.00%, 33, 4, 8, 642.57, 1325833, 139
3358, 7, 116, 123, 65, 0, 0.00%, 33, 4, 8, 533.48, 1328595, 139
3363, 7, 28, 123, 65, 0, 0.00%, 33, 4, 8, 647.77, 1331486, 139
3368, 7, 9, 123, 64, 0, 0.00%, 33, 4, 8, 672.48, 1334887, 139
3374, 7, 28, 123, 64, 0, 0.00%, 33, 4, 8, 638.31, 1337874, 139
3379, 7, 67, 123, 64, 0, 0.00%, 33, 4, 8, 656.18, 1341124, 139
3384, 7, 29, 123, 64, 0, 0.00%, 33, 4, 8, 643.90, 1344022, 139
3389, 7, 28, 123, 64, 0, 0.00%, 33, 4, 8, 673.68, 1347437, 139
3394, 7, 28, 123, 64, 0, 0.00%, 33, 4, 8, 581.36, 1350490, 139
3399, 7, 38, 123, 64, 0, 0.00%, 33, 4, 8, 557.50, 1352992, 139
3404, 7, 77, 123, 64, 0, 0.00%, 33, 4, 8, 577.05, 1355366, 139
3409, 7, 53, 123, 64, 0, 0.00%, 33, 4, 8, 614.41, 1358506, 139
3414, 7, 68, 123, 64, 0, 0.00%, 33, 4, 8, 575.89, 1361596, 139
3419, 7, 120, 124, 65, 0, 0.00%, 33, 4, 8, 520.74, 1364154, 139
3424, 7, 7, 124, 64, 0, 0.00%, 33, 4, 8, 635.11, 1367486, 139
3430, 7, 50, 124, 64, 0, 0.00%, 33, 4, 8, 579.24, 1370522, 139
3435, 7, 28, 124, 64, 0, 0.00%, 33, 4, 8, 57.93, 1373490, 139
3440, 7, 28, 124, 64, 0, 0.00%, 33, 4, 8, 603.57, 1376408, 139
3445, 7, 82, 124, 64, 0, 0.00%, 33, 4, 8, 330.97, 1378709, 139
3450, 7, 38, 124, 64, 0, 0.00%, 33, 4, 8, 543.00, 1381767, 139
3455, 7, 38, 124, 64, 0, 0.00%, 33, 4, 8, 568.31, 1384622, 139
3460, 7, 116, 124, 64, 0, 0.00%, 33, 4, 8, 619.81, 1387939, 139
3466, 7, 88, 124, 64, 0, 0.00%, 33, 4, 8, 525.89, 1390466, 139
3471, 7, 28, 124, 64, 0, 0.00%, 33, 4, 8, 498.44, 1393086, 139
3476, 7, 84, 124, 64, 0, 0.00%, 33, 4, 8, 508.29, 1395739, 139
3481, 7, 7, 124, 64, 0, 0.00%, 33, 4, 8, 496.75, 1398197, 139
3486, 7, 53, 124, 64, 0, 0.00%, 33, 4, 8, 606.57, 1401302, 139
3491, 7, 116, 124, 64, 0, 0.00%, 33, 4, 8, 561.24, 1404139, 139
3496, 7, 28, 124, 64, 0, 0.00%, 33, 4, 8, 676.97, 1407796, 139
3501, 7, 28, 124, 64, 0, 0.00%, 33, 4, 8, 591.91, 1410432, 139
3506, 7, 28, 124, 64, 0, 0.00%, 33, 4, 8, 618.14, 1413726, 139
3512, 7, 27, 124, 64, 0, 0.00%, 33, 4, 8, 556.75, 1416552, 139
3517, 7, 71, 124, 64, 0, 0.00%, 33, 4, 8, 582.45, 1419423, 139
3522, 7, 7, 124, 64, 0, 0.00%, 33, 4, 8, 633.48, 1422763, 139
3527, 7, 71, 124, 64, 0, 0.00%, 33, 4, 8, 533.58, 1425361, 139
3532, 7, 7, 124, 64, 0, 0.00%, 33, 4, 8, 584.68, 1428354, 139
3537, 7, 116, 124, 64, 0, 0.00%, 33, 4, 8, 614.69, 1431591, 139
3542, 7, 28, 124, 64, 0, 0.00%, 33, 4, 8, 575.63, 1434470, 139
3547, 8, 47, 124, 64, 0, 0.00%, 33, 4, 8, 613.96, 1437693, 139
3552, 8, 28, 124, 64, 0, 0.00%, 33, 4, 8, 657.40, 1440741, 139
3557, 8, 38, 124, 64, 0, 0.00%, 33, 4, 8, 649.38, 1444094, 139
3562, 8, 28, 124, 64, 0, 0.00%, 33, 4, 8, 536.56, 1446708, 139
3567, 8, 28, 124, 64, 0, 0.00%, 33, 4, 8, 579.28, 1449645, 139
3573, 8, 7, 124, 64, 0, 0.00%, 33, 4, 8, 465.05, 1452582, 139
3578, 8, 28, 124, 64, 0, 0.00%, 33, 4, 8, 504.43, 1455240, 139
3583, 8, 28, 124, 64, 0, 0.00%, 33, 4, 8, 588.12, 1458184, 139
3588, 8, 71, 124, 64, 0, 0.00%, 33, 4, 8, 679.02, 1461651, 139
3593, 8, 7, 124, 64, 0, 0.00%, 33, 4, 8, 584.47, 1464494, 139
3598, 8, 10, 124, 64, 0, 0.00%, 33, 4, 8, 558.91, 1467206, 139
3603, 8, 116, 124, 64, 0, 0.00%, 33, 4, 8, 527.29, 1469981, 139
3608, 8, 28, 124, 64, 0, 0.00%, 33, 4, 8, 92.59, 1472562, 139
3613, 8, 29, 124, 64, 0, 0.00%, 33, 4, 8, 531.98, 1475260, 139
3618, 8, 28, 124, 64, 0, 0.00%, 33, 4, 8, 587.68, 1477670, 139
3623, 8, 38, 124, 64, 0, 0.00%, 33, 4, 8, 654.70, 1480865, 139
3629, 8, 28, 124, 64, 0, 0.00%, 33, 4, 8, 567.13, 1483792, 139
3634, 8, 30, 124, 64, 0, 0.00%, 33, 4, 8, 610.94, 1487002, 139
3639, 8, 7, 124, 64, 0, 0.00%, 33, 4, 8, 543.23, 1489637, 139
3644, 8, 71, 124, 63, 0, 0.00%, 33, 4, 8, 573.92, 1492643, 139
3649, 8, 111, 124, 63, 0, 0.00%, 33, 4, 8, 596.05, 1495640, 139
3654, 8, 28, 124, 62, 0, 0.00%, 33, 4, 8, 461.55, 1498092, 139
3659, 8, 7, 124, 62, 0, 0.00%, 33, 4, 8, 572.64, 1501051, 139
3664, 8, 10, 124, 62, 0, 0.00%, 33, 4, 8, 547.04, 1503876, 139
3669, 8, 28, 124, 62, 0, 0.00%, 33, 4, 8, 534.59, 1506496, 139
3674, 8, 27, 124, 62, 0, 0.00%, 33, 4, 8, 667.97, 1509926, 139
3679, 8, 7, 124, 62, 0, 0.00%, 33, 4, 8, 587.29, 1512870, 139
3685, 8, 67, 124, 62, 0, 0.00%, 33, 4, 8, 648.54, 1516219, 139
3690, 8, 27, 124, 62, 0, 0.00%, 33, 4, 8, 605.28, 1519436, 139
3695, 8, 28, 124, 62, 0, 0.00%, 33, 4, 8, 638.65, 1522666, 139
3700, 8, 47, 124, 62, 0, 0.00%, 33, 4, 8, 503.28, 1525419, 139
3705, 8, 71, 124, 62, 0, 0.00%, 33, 4, 8, 555.32, 1528311, 139
3710, 8, 38, 124, 62, 0, 0.00%, 33, 4, 8, 535.46, 1531074, 139
3715, 8, 7, 124, 62, 0, 0.00%, 33, 4, 8, 563.37, 1533916, 139
3720, 8, 32, 124, 62, 0, 0.00%, 33, 4, 8, 528.96, 1536363, 139
3725, 8, 28, 124, 62, 0, 0.00%, 33, 4, 8, 537.77, 1539003, 139
3730, 8, 71, 124, 62, 0, 0.00%, 33, 4, 8, 572.63, 1542030, 139
3736, 8, 28, 124, 62, 0, 0.00%, 33, 4, 8, 607.40, 1545215, 139
3741, 8, 90, 124, 62, 0, 0.00%, 33, 4, 8, 553.77, 1548015, 139
3746, 8, 28, 124, 61, 0, 0.00%, 33, 4, 8, 429.50, 1550568, 139
3751, 8, 28, 124, 61, 0, 0.00%, 33, 4, 8, 624.49, 1554143, 139
3756, 8, 110, 124, 61, 0, 0.00%, 33, 4, 8, 540.13, 1556840, 139
3761, 8, 28, 124, 60, 0, 0.00%, 33, 4, 8, 587.05, 1559757, 139
3766, 8, 38, 124, 60, 0, 0.00%, 33, 4, 8, 681.38, 1563427, 139
3771, 8, 28, 124, 60, 0, 0.00%, 33, 4, 8, 587.59, 1565998, 139
3777, 8, 28, 124, 60, 0, 0.00%, 33, 4, 8, 607.06, 1569254, 139
3782, 8, 28, 124, 60, 0, 0.00%, 33, 4, 8, 633.65, 1572500, 139
3787, 8, 28, 124, 60, 0, 0.00%, 33, 4, 8, 647.21, 1575908, 139
3792, 8, 7, 124, 60, 0, 0.00%, 33, 4, 8, 606.06, 1578837, 139
3797, 8, 79, 124, 60, 0, 0.00%, 33, 4, 8, 534.67, 1581371, 139
3802, 8, 79, 124, 60, 0, 0.00%, 33, 4, 8, 554.48, 1584221, 139
3807, 8, 14, 124, 60, 0, 0.00%, 33, 4, 8, 623.51, 1587192, 139
3812, 8, 71, 124, 60, 0, 0.00%, 33, 4, 8, 572.64, 1589766, 139
3817, 8, 28, 124, 60, 0, 0.00%, 33, 4, 8, 633.33, 1592852, 139
3822, 8, 79, 124, 60, 0, 0.00%, 33, 4, 8, 604.88, 1595684, 139
3827, 8, 79, 124, 60, 0, 0.00%, 33, 4, 8, 621.66, 1598929, 139
3833, 8, 28, 124, 60, 0, 0.00%, 33, 4, 8, 646.18, 1602283, 139
3838, 8, 38, 124, 60, 0, 0.00%, 33, 4, 8, 658.85, 1605802, 139
3843, 8, 27, 124, 60, 0, 0.00%, 33, 4, 8, 561.60, 1608324, 139
3848, 8, 116, 124, 60, 0, 0.00%, 33, 4, 8, 589.15, 1611506, 139
3853, 9, 28, 124, 60, 0, 0.00%, 33, 4, 8, 592.69, 1614396, 139
3858, 9, 27, 124, 60, 0, 0.00%, 33, 4, 8, 660.63, 1617766, 139
3863, 9, 7, 124, 60, 0, 0.00%, 33, 4, 8, 601.65, 1620778, 139
3868, 9, 28, 124, 60, 0, 0.00%, 33, 4, 8, 577.19, 1623414, 139
3874, 9, 76, 124, 60, 0, 0.00%, 33, 4, 8, 613.18, 1626506, 139
3879, 9, 76, 124, 60, 0, 0.00%, 33, 4, 8, 624.35, 1629638, 139
3884, 9, 76, 124, 60, 0, 0.00%, 33, 4, 8, 466.22, 1632428, 139
3889, 9, 28, 124, 60, 0, 0.00%, 33, 4, 8, 602.38, 1635325, 139
3894, 9, 50, 124, 60, 0, 0.00%, 33, 4, 8, 557.37, 1638146, 139
3899, 9, 28, 124, 60, 0, 0.00%, 33, 4, 8, 595.99, 1641258, 139
3904, 9, 28, 124, 60, 0, 0.00%, 33, 4, 8, 631.29, 1644584, 139
3909, 9, 28, 124, 60, 0, 0.00%, 33, 4, 8, 581.02, 1647701, 139
3915, 9, 28, 124, 60, 0, 0.00%, 33, 4, 8, 602.71, 1650439, 139
3920, 9, 28, 124, 60, 0, 0.00%, 33, 4, 8, 622.88, 1653537, 139
3925, 9, 7, 124, 60, 0, 0.00%, 33, 4, 8, 647.88, 1656898, 139
3930, 9, 27, 124, 60, 0, 0.00%, 33, 4, 8, 619.18, 1660100, 139
3935, 9, 27, 124, 60, 0, 0.00%, 33, 4, 8, 581.28, 1663113, 139
3940, 9, 40, 124, 60, 0, 0.00%, 33, 4, 8, 607.09, 1665682, 139
3945, 9, 28, 124, 60, 0, 0.00%, 33, 4, 8, 649.98, 1668848, 139
3950, 9, 28, 124, 60, 0, 0.00%, 33, 4, 8, 649.82, 1672137, 139
3955, 9, 71, 124, 60, 0, 0.00%, 33, 4, 8, 608.76, 1675341, 139
3960, 9, 116, 124, 60, 0, 0.00%, 33, 4, 8, 639.26, 1678616, 139
3965, 9, 28, 124, 60, 0, 0.00%, 33, 4, 8, 570.54, 1681607, 139
3971, 9, 84, 124, 60, 0, 0.00%, 33, 4, 8, 657.94, 1685084, 139
3976, 9, 71, 124, 60, 0, 0.00%, 33, 4, 8, 456.90, 1687702, 139
3981, 9, 10, 124, 60, 0, 0.00%, 33, 4, 8, 529.81, 1690284, 139
3986, 9, 7, 124, 60, 0, 0.00%, 33, 4, 8, 521.76, 1692933, 139
3991, 9, 28, 124, 60, 0, 0.00%, 33, 4, 8, 543.88, 1695724, 139
3996, 9, 9, 124, 60, 0, 0.00%, 33, 4, 8, 616.94, 1698963, 139
4001, 9, 29, 124, 60, 0, 0.00%, 33, 4, 8, 437.66, 1701719, 139
4006, 9, 7, 124, 60, 0, 0.00%, 33, 4, 8, 502.48, 1704251, 139
4012, 9, 27, 124, 60, 0, 0.00%, 33, 4, 8, 553.17, 1707169, 139
4017, 9, 28, 124, 60, 0, 0.00%, 33, 4, 8, 640.25, 1710490, 139
4022, 9, 28, 124, 60, 0, 0.00%, 33, 4, 8, 663.53, 1713739, 139
4027, 9, 40, 124, 60, 0, 0.00%, 33, 4, 8, 651.66, 1716920, 139
4032, 9, 29, 124, 60, 0, 0.00%, 33, 4, 8, 692.85, 1720389, 139
4037, 9, 28, 124, 60, 0, 0.00%, 33, 4, 8, 184.86, 1723379, 139
4042, 9, 82, 124, 60, 0, 0.00%, 33, 4, 8, 252.33, 1724961, 139
4047, 9, 28, 124, 60, 0, 0.00%, 33, 4, 8, 459.33, 1727440, 139
4052, 9, 7, 124, 60, 0, 0.00%, 33, 4, 8, 553.90, 1730443, 139
4058, 9, 29, 124, 60, 0, 0.00%, 33, 4, 8, 585.85, 1733648, 139
4063, 9, 53, 124, 60, 0, 0.00%, 33, 4, 8, 666.59, 1736798, 139
4068, 9, 29, 124, 60, 0, 0.00%, 33, 4, 8, 658.17, 1740121, 139
4073, 9, 7, 124, 60, 0, 0.00%, 33, 4, 8, 549.42, 1742732, 139
4078, 9, 7, 124, 60, 0, 0.00%, 33, 4, 8, 551.62, 1745585, 139
4083, 9, 28, 124, 60, 0, 0.00%, 33, 4, 8, 512.35, 1748487, 139
4088, 9, 28, 124, 60, 0, 0.00%, 33, 4, 8, 500.93, 1751183, 139
4093, 9, 27, 124, 60, 0, 0.00%, 33, 4, 8, 534.59, 1753964, 139
4099, 9, 71, 124, 60, 0, 0.00%, 33, 4, 8, 694.49, 1756450, 139
4104, 9, 67, 124, 60, 0, 0.00%, 33, 4, 8, 687.69, 1759902, 139
4109, 9, 68, 124, 60, 0, 0.00%, 33, 4, 8, 657.84, 1763051, 139
4114, 9, 50, 124, 60, 0, 0.00%, 33, 4, 8, 699.13, 1766762, 139
4119, 9, 28, 124, 60, 0, 0.00%, 33, 4, 8, 645.25, 1769986, 139
4124, 10, 29, 124, 60, 0, 0.00%, 33, 4, 8, 685.81, 1773423, 139
4129, 10, 116, 124, 60, 0, 0.00%, 33, 4, 8, 565.60, 1776331, 139
4134, 10, 71, 124, 60, 0, 0.00%, 33, 4, 8, 735.59, 1779014, 139
4139, 10, 77, 124, 60, 0, 0.00%, 33, 4, 8, 613.95, 1781881, 139
4145, 10, 14, 124, 60, 0, 0.00%, 33, 4, 8, 583.07, 1784707, 139
4150, 10, 27, 124, 60, 0, 0.00%, 33, 4, 8, 558.69, 1787547, 139
4155, 10, 28, 124, 60, 0, 0.00%, 33, 4, 8, 663.79, 1791064, 139
4160, 10, 29, 124, 60, 0, 0.00%, 33, 4, 8, 620.52, 1793879, 139
4165, 10, 67, 124, 60, 0, 0.00%, 33, 4, 8, 683.00, 1797470, 139
4170, 10, 28, 124, 60, 0, 0.00%, 33, 4, 8, 573.58, 1800348, 139
4176, 10, 28, 124, 60, 0, 0.00%, 33, 4, 8, 652.39, 1803681, 139
4181, 10, 116, 124, 60, 0, 0.00%, 33, 4, 8, 669.76, 1807223, 139
4186, 10, 28, 124, 60, 0, 0.00%, 33, 4, 8, 603.52, 1810038, 139
4191, 10, 46, 124, 60, 0, 0.00%, 33, 4, 8, 672.77, 1813526, 139
4196, 10, 76, 124, 60, 0, 0.00%, 33, 4, 8, 517.28, 1816061, 139
4201, 10, 76, 124, 60, 0, 0.00%, 33, 4, 8, 621.50, 1819205, 139
4206, 10, 76, 124, 60, 0, 0.00%, 33, 4, 8, 604.44, 1821203, 139
4211, 10, 80, 124, 60, 0, 0.00%, 33, 4, 8, 580.62, 1824111, 139
4216, 10, 28, 124, 60, 0, 0.00%, 33, 4, 8, 606.24, 1827074, 139
4221, 10, 28, 124, 60, 0, 0.00%, 33, 4, 8, 564.36, 1829967, 139
4226, 10, 116, 124, 60, 0, 0.00%, 33, 4, 8, 545.08, 1832666, 139
4232, 10, 28, 124, 60, 0, 0.00%, 33, 4, 8, 636.23, 1835865, 139
4237, 10, 28, 124, 60, 0, 0.00%, 33, 4, 8, 612.91, 1838719, 139
4242, 10, 27, 124, 60, 0, 0.00%, 33, 4, 8, 584.62, 1841716, 139
4247, 10, 28, 124, 60, 0, 0.00%, 33, 4, 8, 602.35, 1844681, 139
4252, 10, 71, 124, 60, 0, 0.00%, 33, 4, 8, 678.58, 1848112, 139
4257, 10, 67, 124, 60, 0, 0.00%, 33, 4, 8, 619.22, 1851266, 139
4262, 10, 10, 124, 60, 0, 0.00%, 33, 4, 8, 664.76, 1854708, 139
4267, 10, 28, 124, 60, 0, 0.00%, 33, 4, 8, 713.42, 1857667, 139
4272, 10, 7, 124, 60, 0, 0.00%, 33, 4, 8, 685.83, 1861172, 139
4277, 10, 117, 124, 60, 0, 0.00%, 33, 4, 8, 96.72, 1862758, 139
4282, 10, 28, 124, 60, 0, 0.00%, 33, 4, 8, 655.70, 1866019, 139
4288, 10, 7, 124, 60, 0, 0.00%, 33, 4, 8, 558.47, 1868974, 139
4293, 10, 7, 124, 60, 0, 0.00%, 33, 4, 8, 668.04, 1872485, 139
4298, 10, 82, 124, 60, 0, 0.00%, 33, 4, 8, 660.00, 1875979, 139
4303, 10, 28, 124, 60, 0, 0.00%, 33, 4, 8, 666.19, 1878720, 139
4308, 10, 71, 124, 60, 0, 0.00%, 33, 4, 8, 662.59, 1881944, 139
4313, 10, 116, 124, 60, 0, 0.00%, 33, 4, 8, 138.26, 1884937, 139
4318, 10, 27, 124, 60, 0, 0.00%, 34, 4, 8, 426.27, 1887636, 139
4323, 10, 41, 124, 60, 0, 0.00%, 34, 4, 8, 450.00, 1890075, 139
4328, 10, 116, 124, 59, 0, 0.00%, 34, 4, 8, 493.36, 1892647, 139
4334, 10, 7, 124, 59, 0, 0.00%, 34, 4, 8, 527.26, 1895347, 139
4339, 10, 40, 124, 59, 0, 0.00%, 34, 4, 8, 654.28, 1897951, 139
4344, 10, 53, 124, 59, 0, 0.00%, 34, 4, 8, 633.07, 1901002, 139
4349, 10, 28, 124, 59, 0, 0.00%, 34, 4, 8, 568.57, 1903849, 139
4354, 10, 45, 124, 59, 0, 0.00%, 34, 4, 8, 570.64, 1906798, 139
4359, 10, 32, 124, 59, 0, 0.00%, 34, 4, 8, 542.30, 1909613, 139
4364, 10, 28, 124, 59, 0, 0.00%, 34, 4, 8, 570.86, 1912770, 139
42956, 10, 28, 124, 59, 0, 0.00%, 34, 4, 8, 0.00, 1913380, 139
42961, 10, 28, 124, 59, 0, 0.00%, 34, 4, 8, 109.23, 1913935, 139
42966, 10, 88, 124, 59, 0, 0.00%, 34, 4, 8, 414.44, 1916245, 139
42971, 10, 10, 124, 58, 0, 0.00%, 34, 4, 8, 551.88, 1919237, 139
42976, 10, 28, 124, 58, 0, 0.00%, 34, 4, 8, 629.70, 1921905, 139
42981, 10, 28, 124, 58, 0, 0.00%, 34, 4, 8, 577.17, 1924740, 139
42987, 10, 7, 124, 58, 0, 0.00%, 34, 4, 8, 355.60, 1926769, 139
42992, 10, 120, 124, 58, 0, 0.00%, 34, 4, 8, 502.00, 1929697, 139
42997, 10, 7, 124, 58, 0, 0.00%, 34, 4, 8, 631.85, 1933010, 139
43002, 10, 27, 124, 58, 0, 0.00%, 34, 4, 8, 659.14, 1936398, 139
43007, 10, 116, 124, 58, 0, 0.00%, 34, 4, 8, 274.51, 1939473, 139
43012, 10, 28, 124, 58, 0, 0.00%, 34, 4, 8, 495.97, 1942360, 139
43017, 11, 29, 124, 58, 0, 0.00%, 34, 4, 8, 594.32, 1945301, 139
43022, 11, 28, 124, 58, 0, 0.00%, 34, 4, 8, 530.72, 1948021, 139
43027, 11, 28, 124, 58, 0, 0.00%, 34, 4, 8, 531.88, 1950692, 139
43032, 11, 116, 124, 58, 0, 0.00%, 34, 4, 8, 546.18, 1953550, 139
43037, 11, 116, 124, 58, 0, 0.00%, 34, 4, 8, 265.86, 1956059, 139
43042, 11, 28, 124, 58, 0, 0.00%, 34, 4, 8, 85.20, 1958532, 139
43048, 11, 28, 124, 58, 0, 0.00%, 34, 4, 8, 648.78, 1961915, 139
43053, 11, 28, 124, 58, 0, 0.00%, 34, 4, 8, 622.49, 1964859, 139
43058, 11, 7, 124, 58, 0, 0.00%, 34, 4, 8, 499.21, 1967364, 139
43063, 11, 28, 124, 58, 0, 0.00%, 34, 4, 8, 563.71, 1969508, 139
43068, 11, 28, 124, 58, 0, 0.00%, 34, 4, 8, 597.47, 1972437, 139
43073, 11, 116, 124, 58, 0, 0.00%, 34, 4, 8, 544.71, 1975097, 139
43078, 11, 28, 124, 58, 0, 0.00%, 34, 4, 8, 547.72, 1977745, 139
43084, 11, 76, 124, 58, 0, 0.00%, 34, 4, 8, 495.46, 1980409, 139
43089, 11, 76, 124, 58, 0, 0.00%, 34, 4, 8, 547.49, 1983229, 139
43094, 11, 10, 124, 58, 0, 0.00%, 34, 4, 8, 506.96, 1985895, 139
43099, 11, 28, 124, 58, 0, 0.00%, 34, 4, 8, 542.99, 1988179, 139
43104, 11, 123, 125, 59, 0, 0.00%, 34, 4, 8, 123.78, 1990986, 139
43109, 11, 123, 126, 60, 0, 0.00%, 34, 4, 8, 360.63, 1992890, 139
43114, 11, 123, 126, 60, 0, 0.00%, 35, 4, 8, 446.64, 1995204, 139
43119, 11, 77, 126, 59, 0, 0.00%, 35, 4, 8, 577.86, 1998324, 139
43124, 11, 67, 126, 59, 0, 0.00%, 35, 4, 8, 676.78, 2001969, 139
43130, 11, 50, 126, 59, 0, 0.00%, 35, 4, 8, 169.24, 2003854, 139
43135, 11, 78, 126, 59, 0, 0.00%, 35, 4, 8, 407.00, 2005930, 139
43140, 11, 38, 126, 59, 0, 0.00%, 35, 4, 8, 46.57, 2007808, 139
43145, 11, 38, 126, 59, 0, 0.00%, 35, 4, 8, 80.89, 2008252, 139
43150, 11, 38, 126, 59, 0, 0.00%, 35, 4, 8, 130.53, 2008878, 139
43155, 11, 77, 126, 59, 0, 0.00%, 35, 4, 8, 229.65, 2010222, 139
43160, 11, 67, 126, 59, 0, 0.00%, 35, 4, 8, 252.23, 2011527, 139
43165, 11, 67, 126, 59, 0, 0.00%, 35, 4, 8, 544.70, 2012157, 139
43171, 11, 28, 126, 59, 0, 0.00%, 35, 4, 8, 660.83, 2014460, 139
43176, 11, 7, 126, 59, 0, 0.00%, 35, 4, 8, 513.89, 2016958, 139
43181, 11, 71, 126, 59, 0, 0.00%, 35, 4, 8, 506.39, 2019432, 139
43186, 11, 29, 126, 59, 0, 0.00%, 35, 4, 8, 721.39, 2021723, 139
43191, 11, 28, 126, 59, 0, 0.00%, 35, 4, 8, 581.24, 2024726, 139
43196, 11, 67, 126, 59, 0, 0.00%, 35, 4, 8, 564.97, 2027312, 139
43201, 11, 53, 126, 59, 0, 0.00%, 35, 4, 8, 679.52, 2030955, 139
43206, 11, 29, 126, 59, 0, 0.00%, 35, 4, 8, 298.59, 2033397, 139
43212, 11, 7, 126, 59, 0, 0.00%, 35, 4, 8, 595.34, 2036778, 139
43217, 11, 7, 126, 59, 0, 0.00%, 35, 4, 8, 650.49, 2040328, 139
43222, 11, 67, 126, 59, 0, 0.00%, 35, 4, 8, 645.37, 2042660, 139
43227, 11, 38, 126, 59, 0, 0.00%, 35, 4, 8, 603.02, 2045522, 139
43232, 11, 28, 126, 59, 0, 0.00%, 35, 4, 8, 691.51, 2048826, 139
43237, 11, 7, 126, 59, 0, 0.00%, 35, 5, 8, 44.50, 2051155, 139
43242, 11, 116, 126, 59, 0, 0.00%, 35, 5, 8, 550.68, 2053991, 139
43247, 11, 28, 126, 59, 0, 0.00%, 35, 5, 8, 47.41, 2056190, 139
43252, 11, 28, 126, 59, 0, 0.00%, 35, 5, 8, 470.50, 2058736, 139
43258, 11, 80, 127, 60, 0, 0.00%, 35, 5, 8, 497.25, 2061267, 139
43263, 11, 7, 127, 60, 0, 0.00%, 35, 5, 8, 637.36, 2064191, 139
43268, 11, 28, 127, 60, 0, 0.00%, 35, 5, 8, 572.77, 2067012, 139
43273, 11, 27, 127, 60, 0, 0.00%, 35, 5, 8, 154.64, 2068232, 139
43278, 11, 28, 127, 60, 0, 0.00%, 35, 5, 8, 406.60, 2070273, 139
43283, 11, 116, 127, 60, 0, 0.00%, 35, 5, 8, 603.02, 2073575, 139
43288, 11, 28, 127, 60, 0, 0.00%, 35, 5, 8, 611.79, 2076717, 139
43293, 11, 88, 127, 60, 0, 0.00%, 35, 5, 8, 496.80, 2078535, 139
43298, 11, 29, 127, 60, 0, 0.00%, 35, 5, 8, 331.74, 2081461, 139
43303, 11, 82, 127, 60, 0, 0.00%, 35, 5, 8, 569.23, 2084673, 139
43308, 11, 116, 127, 60, 0, 0.00%, 35, 5, 8, 524.20, 2087353, 139
43313, 11, 88, 127, 60, 0, 0.00%, 35, 5, 8, 642.79, 2090771, 139
43318, 11, 53, 127, 60, 0, 0.00%, 35, 5, 8, 625.48, 2093788, 139
43324, 11, 28, 127, 60, 0, 0.00%, 35, 5, 8, 528.77, 2096309, 139
43329, 11, 116, 127, 60, 0, 0.00%, 35, 5, 8, 461.31, 2098583, 139
43334, 11, 117, 127, 60, 0, 0.00%, 35, 5, 8, 89.17, 2100936, 139
43339, 11, 10, 127, 60, 0, 0.00%, 35, 5, 8, 613.65, 2103336, 139
43344, 11, 79, 127, 60, 0, 0.00%, 35, 5, 8, 547.52, 2105992, 139
43349, 11, 79, 127, 60, 0, 0.00%, 35, 5, 8, 629.06, 2109117, 139
43354, 11, 79, 127, 60, 0, 0.00%, 35, 5, 8, 616.55, 2112370, 139
43359, 11, 79, 127, 60, 0, 0.00%, 35, 5, 8, 593.90, 2115494, 139
43365, 11, 79, 127, 60, 0, 0.00%, 35, 5, 8, 566.37, 2118258, 139
43370, 11, 38, 127, 60, 0, 0.00%, 35, 5, 8, 532.35, 2121020, 139
43375, 11, 84, 127, 60, 0, 0.00%, 35, 5, 8, 596.41, 2123914, 139
43380, 11, 28, 127, 60, 0, 0.00%, 35, 5, 8, 610.32, 2127121, 139
43385, 11, 29, 127, 60, 0, 0.00%, 35, 5, 8, 488.52, 2130297, 139
43390, 11, 28, 127, 60, 0, 0.00%, 35, 5, 8, 585.16, 2133112, 139
43395, 11, 88, 127, 60, 0, 0.00%, 35, 5, 8, 510.16, 2135649, 139
43400, 11, 53, 127, 60, 0, 0.00%, 35, 5, 8, 523.82, 2138349, 139
43405, 12, 116, 127, 60, 0, 0.00%, 35, 5, 8, 603.24, 2141351, 139
43411, 12, 80, 127, 60, 0, 0.00%, 35, 5, 8, 580.60, 2143854, 139
43416, 12, 116, 127, 60, 0, 0.00%, 35, 5, 8, 636.11, 2147179, 139
43421, 12, 10, 127, 60, 0, 0.00%, 35, 5, 8, 613.95, 2150124, 139
43426, 12, 53, 127, 60, 0, 0.00%, 35, 5, 8, 581.24, 2153192, 139
43431, 12, 28, 127, 60, 0, 0.00%, 35, 5, 8, 604.50, 2155423, 139
43436, 12, 46, 127, 60, 0, 0.00%, 35, 5, 8, 668.48, 2158845, 139
43441, 12, 46, 127, 60, 0, 0.00%, 35, 5, 8, 600.65, 2162008, 139
43446, 12, 28, 127, 60, 0, 0.00%, 35, 5, 8, 601.73, 2164810, 139
43452, 12, 116, 127, 60, 0, 0.00%, 35, 5, 8, 544.15, 2167637, 139
43457, 12, 38, 127, 60, 0, 0.00%, 35, 5, 8, 612.58, 2170847, 139
43462, 12, 29, 127, 60, 0, 0.00%, 35, 5, 8, 510.52, 2173301, 139
43467, 12, 28, 127, 60, 0, 0.00%, 35, 5, 8, 641.80, 2176391, 139
43472, 12, 28, 127, 60, 0, 0.00%, 35, 5, 8, 591.71, 2178483, 139
43477, 12, 71, 128, 61, 0, 0.00%, 35, 5, 8, 569.04, 2181205, 139
43482, 12, 28, 128, 61, 0, 0.00%, 35, 5, 8, 586.94, 2183689, 139
43487, 12, 88, 128, 61, 0, 0.00%, 35, 5, 8, 685.47, 2187376, 139
43492, 12, 28, 128, 61, 0, 0.00%, 35, 5, 8, 666.19, 2190629, 139
43498, 12, 7, 128, 61, 0, 0.00%, 35, 5, 8, 539.95, 2193231, 139
43503, 12, 7, 128, 61, 0, 0.00%, 35, 5, 8, 648.08, 2196665, 139
43508, 12, 82, 128, 61, 0, 0.00%, 35, 5, 8, 608.61, 2199823, 139
43513, 12, 67, 128, 61, 0, 0.00%, 35, 5, 8, 450.08, 2202124, 139
43518, 12, 77, 128, 61, 0, 0.00%, 35, 5, 8, 634.24, 2205486, 139
43523, 12, 28, 128, 61, 0, 0.00%, 35, 5, 8, 669.30, 2208973, 139
43528, 12, 7, 128, 61, 0, 0.00%, 35, 5, 8, 636.49, 2212031, 139
43533, 12, 46, 128, 61, 0, 0.00%, 35, 5, 8, 607.33, 2214934, 139
43539, 12, 77, 128, 60, 0, 0.00%, 35, 5, 8, 602.86, 2217879, 139
43544, 12, 116, 128, 60, 0, 0.00%, 35, 5, 8, 627.97, 2221018, 139
43549, 12, 53, 128, 60, 0, 0.00%, 35, 5, 8, 672.13, 2224533, 139
43554, 12, 40, 128, 60, 0, 0.00%, 35, 5, 8, 604.41, 2227462, 139
43559, 12, 7, 128, 60, 0, 0.00%, 35, 5, 8, 537.90, 2230129, 139
43564, 12, 116, 128, 60, 0, 0.00%, 35, 5, 8, 595.00, 2232340, 139
43569, 12, 76, 128, 60, 0, 0.00%, 35, 5, 8, 481.10, 2235361, 139
43574, 12, 76, 128, 60, 0, 0.00%, 35, 5, 8, 544.48, 2238181, 139
43580, 12, 76, 128, 60, 0, 0.00%, 35, 5, 8, 538.47, 2240837, 139
43585, 12, 7, 128, 60, 0, 0.00%, 35, 5, 8, 554.10, 2243625, 139
43590, 12, 7, 128, 60, 0, 0.00%, 35, 5, 8, 548.35, 2245850, 139
43595, 12, 28, 128, 60, 0, 0.00%, 35, 5, 8, 587.09, 2248719, 139
43600, 12, 45, 128, 60, 0, 0.00%, 35, 5, 8, 563.77, 2251419, 139
43605, 12, 28, 128, 60, 0, 0.00%, 35, 5, 8, 240.21, 2253969, 139
43610, 12, 28, 128, 60, 0, 0.00%, 35, 5, 8, 571.58, 2257113, 139
43615, 12, 28, 128, 60, 0, 0.00%, 35, 5, 8, 696.30, 2260817, 139
43620, 12, 116, 128, 60, 0, 0.00%, 35, 5, 8, 708.33, 2264299, 139
43625, 12, 9, 128, 60, 0, 0.00%, 35, 5, 8, 570.91, 2266958, 139
43631, 12, 68, 128, 60, 0, 0.00%, 35, 5, 8, 74.46, 2269063, 139
43636, 12, 28, 128, 60, 0, 0.00%, 35, 5, 8, 643.59, 2272132, 139
43641, 12, 28, 128, 60, 0, 0.00%, 35, 5, 8, 591.72, 2274563, 139
43646, 12, 28, 128, 60, 0, 0.00%, 35, 5, 8, 603.51, 2277771, 139
43651, 12, 38, 128, 60, 0, 0.00%, 35, 5, 8, 367.66, 2279757, 139
43656, 12, 46, 128, 60, 0, 0.00%, 35, 5, 8, 602.30, 2282810, 139
43661, 12, 80, 128, 60, 0, 0.00%, 35, 5, 8, 623.66, 2286080, 139
43666, 12, 28, 128, 60, 0, 0.00%, 35, 5, 8, 510.16, 2288543, 139
43671, 12, 28, 128, 60, 0, 0.00%, 35, 5, 8, 467.47, 2290945, 139
43676, 12, 28, 128, 60, 0, 0.00%, 35, 5, 8, 590.73, 2294084, 139
43681, 12, 28, 128, 60, 0, 0.00%, 35, 5, 8, 629.95, 2297114, 139
43686, 12, 45, 128, 60, 0, 0.00%, 35, 5, 8, 570.04, 2299969, 139
43691, 12, 28, 128, 60, 0, 0.00%, 35, 5, 8, 576.84, 2302951, 139
43696, 12, 67, 128, 60, 0, 0.00%, 35, 5, 8, 612.28, 2305999, 139
43702, 12, 10, 128, 60, 0, 0.00%, 35, 5, 8, 631.81, 2309300, 139
43707, 12, 53, 128, 60, 0, 0.00%, 35, 5, 8, 528.80, 2312167, 139
43712, 12, 78, 128, 60, 0, 0.00%, 35, 5, 8, 505.01, 2314663, 139
43717, 12, 9, 128, 60, 0, 0.00%, 35, 5, 8, 619.27, 2317691, 139
43722, 13, 7, 128, 60, 0, 0.00%, 35, 5, 8, 561.78, 2320375, 139
43727, 13, 28, 128, 60, 0, 0.00%, 35, 5, 8, 642.45, 2323652, 139
43732, 13, 28, 128, 60, 0, 0.00%, 35, 5, 8, 685.71, 2327167, 139
43737, 13, 88, 128, 60, 0, 0.00%, 35, 5, 8, 599.18, 2329710, 139
43742, 13, 88, 128, 60, 0, 0.00%, 35, 5, 8, 616.93, 2332757, 139
43747, 13, 71, 128, 60, 0, 0.00%, 35, 5, 8, 532.52, 2335488, 139
43752, 13, 9, 128, 60, 0, 0.00%, 35, 5, 8, 577.93, 2338536, 139
43758, 13, 116, 128, 60, 0, 0.00%, 35, 5, 8, 646.07, 2340937, 139
43763, 13, 88, 128, 60, 0, 0.00%, 35, 5, 8, 570.29, 2343715, 139
43768, 13, 77, 128, 60, 0, 0.00%, 35, 5, 8, 686.94, 2346603, 139
43773, 13, 116, 128, 60, 0, 0.00%, 35, 5, 8, 652.99, 2349977, 139
43778, 13, 28, 128, 60, 0, 0.00%, 35, 5, 8, 628.52, 2352441, 139
43783, 13, 28, 128, 60, 0, 0.00%, 35, 5, 8, 651.78, 2355592, 139
43788, 13, 77, 128, 60, 0, 0.00%, 35, 5, 8, 615.73, 2358605, 139
43793, 13, 30, 128, 60, 0, 0.00%, 35, 5, 8, 537.66, 2361441, 139
43799, 13, 80, 128, 60, 0, 0.00%, 35, 5, 8, 580.71, 2364354, 139
43804, 13, 80, 128, 60, 0, 0.00%, 35, 5, 8, 636.64, 2367265, 139
43809, 13, 28, 128, 60, 0, 0.00%, 35, 5, 8, 480.11, 2369618, 139
43814, 13, 28, 128, 60, 0, 0.00%, 35, 5, 8, 612.85, 2372688, 139
43819, 13, 7, 128, 60, 0, 0.00%, 35, 5, 8, 569.31, 2375719, 139
43824, 13, 28, 128, 60, 0, 0.00%, 35, 5, 8, 518.55, 2378020, 139
43829, 13, 67, 128, 60, 0, 0.00%, 35, 5, 8, 645.67, 2380750, 139
43834, 13, 77, 128, 60, 0, 0.00%, 35, 5, 8, 531.54, 2382730, 139
43839, 13, 120, 128, 60, 0, 0.00%, 35, 5, 8, 238.93, 2385957, 139
43844, 13, 28, 128, 60, 0, 0.00%, 35, 5, 8, 503.62, 2388942, 139
43850, 13, 38, 128, 60, 0, 0.00%, 35, 5, 8, 490.40, 2391452, 139
43855, 13, 7, 128, 60, 0, 0.00%, 35, 5, 8, 140.07, 2393790, 139
43860, 13, 38, 128, 60, 0, 0.00%, 35, 5, 8, 453.49, 2396161, 139
43865, 13, 50, 128, 60, 0, 0.00%, 35, 5, 8, 557.40, 2398524, 139
43870, 13, 27, 128, 60, 0, 0.00%, 35, 5, 8, 525.81, 2401181, 139
43875, 13, 40, 128, 60, 0, 0.00%, 35, 5, 8, 710.00, 2403694, 139
43880, 13, 28, 128, 60, 0, 0.00%, 35, 5, 8, 452.10, 2406469, 139
43886, 13, 9, 128, 60, 0, 0.00%, 35, 5, 8, 632.57, 2410012, 139
43891, 13, 10, 128, 60, 0, 0.00%, 35, 5, 8, 582.47, 2412960, 139
43896, 13, 84, 128, 60, 0, 0.00%, 35, 5, 8, 576.29, 2416053, 139
43901, 13, 27, 128, 60, 0, 0.00%, 35, 5, 8, 657.79, 2419373, 139
43906, 13, 79, 128, 60, 0, 0.00%, 35, 5, 8, 576.61, 2421953, 139
43911, 13, 79, 128, 60, 0, 0.00%, 35, 5, 8, 570.92, 2424928, 139
43916, 13, 79, 128, 60, 0, 0.00%, 35, 5, 8, 613.58, 2427616, 139
43921, 13, 28, 128, 60, 0, 0.00%, 35, 5, 8, 511.81, 2429882, 139
43927, 13, 46, 128, 60, 0, 0.00%, 35, 5, 8, 455.98, 2432461, 139
43932, 13, 80, 128, 60, 0, 0.00%, 35, 5, 8, 471.90, 2434839, 139
43937, 13, 77, 128, 60, 0, 0.00%, 35, 5, 8, 609.33, 2437400, 139
43942, 13, 32, 128, 60, 0, 0.00%, 35, 5, 8, 511.18, 2439899, 139
43947, 13, 68, 128, 60, 0, 0.00%, 35, 5, 8, 666.37, 2443415, 139
43953, 13, 10, 128, 60, 0, 0.00%, 35, 6, 8, 122.67, 2446804, 139
43958, 13, 68, 128, 60, 0, 0.00%, 35, 6, 8, 521.72, 2449738, 139
43963, 13, 76, 128, 60, 0, 0.00%, 35, 6, 8, 592.42, 2452760, 139
43968, 13, 76, 128, 60, 0, 0.00%, 35, 6, 8, 653.50, 2456183, 139
43973, 13, 68, 128, 60, 0, 0.00%, 35, 6, 8, 501.34, 2458456, 139
43979, 13, 84, 128, 59, 0, 0.00%, 35, 6, 8, 518.32, 2461060, 139
43984, 13, 28, 128, 59, 0, 0.00%, 35, 6, 8, 614.81, 2464022, 139
43989, 13, 29, 128, 59, 0, 0.00%, 35, 6, 8, 559.46, 2466706, 139
43994, 13, 7, 128, 59, 0, 0.00%, 35, 6, 8, 696.93, 2469840, 139
43999, 13, 7, 128, 59, 0, 0.00%, 35, 6, 8, 390.88, 2472033, 139
44004, 13, 29, 128, 59, 0, 0.00%, 35, 6, 8, 587.65, 2475154, 139
44009, 13, 28, 128, 59, 0, 0.00%, 35, 6, 8, 626.17, 2477729, 139
44014, 13, 28, 128, 59, 0, 0.00%, 35, 6, 8, 552.14, 2479641, 139
44019, 13, 71, 128, 59, 0, 0.00%, 35, 6, 8, 602.09, 2483014, 139
44024, 13, 28, 128, 59, 0, 0.00%, 35, 6, 8, 496.21, 2484998, 139
44029, 13, 28, 128, 59, 0, 0.00%, 35, 6, 8, 502.65, 2487634, 139
44034, 13, 28, 128, 59, 0, 0.00%, 35, 6, 8, 254.98, 2489913, 139
44039, 14, 68, 128, 59, 0, 0.00%, 35, 6, 8, 534.65, 2492008, 139
44044, 14, 28, 128, 59, 0, 0.00%, 35, 6, 8, 603.10, 2494993, 139
44050, 14, 28, 128, 59, 0, 0.00%, 35, 6, 8, 631.42, 2498338, 139
44055, 14, 32, 128, 59, 0, 0.00%, 35, 6, 8, 628.15, 2501461, 139
44060, 14, 7, 128, 59, 0, 0.00%, 35, 6, 8, 663.13, 2504331, 139
44065, 14, 28, 128, 59, 0, 0.00%, 35, 6, 8, 539.83, 2506727, 139
44070, 14, 46, 128, 59, 0, 0.00%, 35, 6, 8, 593.63, 2509320, 139
44075, 14, 47, 128, 59, 0, 0.00%, 35, 6, 8, 619.06, 2512253, 139
44080, 14, 38, 128, 59, 0, 0.00%, 35, 6, 8, 618.70, 2515559, 139
44085, 14, 53, 128, 59, 0, 0.00%, 35, 6, 8, 576.33, 2518393, 139
44090, 14, 28, 128, 59, 0, 0.00%, 35, 6, 8, 536.68, 2520798, 139
44095, 14, 7, 128, 59, 0, 0.00%, 35, 6, 8, 419.90, 2522959, 139
44100, 14, 28, 128, 59, 0, 0.00%, 35, 6, 8, 514.19, 2525589, 139
44105, 14, 28, 128, 59, 0, 0.00%, 35, 6, 8, 535.84, 2527999, 139
44110, 14, 71, 128, 59, 0, 0.00%, 35, 6, 8, 641.96, 2531275, 139
44115, 14, 71, 128, 59, 0, 0.00%, 35, 6, 8, 97.25, 2533582, 139
44121, 14, 28, 128, 59, 0, 0.00%, 35, 6, 8, 569.64, 2536477, 139
44126, 14, 28, 128, 59, 0, 0.00%, 35, 6, 8, 436.82, 2539318, 139
44131, 14, 28, 128, 59, 0, 0.00%, 35, 6, 8, 525.42, 2542035, 139
44136, 14, 38, 128, 59, 0, 0.00%, 35, 6, 8, 630.20, 2545587, 139
44141, 14, 7, 128, 59, 0, 0.00%, 35, 6, 8, 510.99, 2548540, 139
44146, 14, 67, 128, 59, 0, 0.00%, 35, 6, 8, 656.57, 2551481, 139
44151, 14, 7, 128, 59, 0, 0.00%, 35, 6, 8, 16.46, 2553539, 139
44156, 14, 7, 128, 59, 0, 0.00%, 35, 6, 8, 188.90, 2554199, 139
44161, 14, 40, 128, 59, 0, 0.00%, 35, 6, 8, 153.76, 2554851, 139
44166, 14, 27, 128, 59, 0, 0.00%, 35, 6, 8, 651.74, 2555445, 139
44172, 14, 27, 128, 59, 0, 0.00%, 35, 6, 8, 102.31, 2555811, 139
44177, 14, 27, 128, 59, 0, 0.00%, 35, 6, 8, 85.71, 2556224, 139
44182, 14, 67, 128, 59, 0, 0.00%, 35, 6, 8, 510.31, 2558173, 139
44187, 14, 9, 128, 59, 0, 0.00%, 35, 6, 8, 415.87, 2560836, 139
44192, 14, 28, 128, 59, 0, 0.00%, 35, 6, 8, 87.79, 2562566, 139
44197, 14, 116, 128, 59, 0, 0.00%, 35, 6, 8, 611.36, 2565598, 139
44202, 14, 28, 128, 59, 0, 0.00%, 35, 6, 8, 629.10, 2568539, 139
44207, 14, 82, 128, 59, 0, 0.00%, 35, 6, 8, 657.67, 2572048, 139
44212, 14, 68, 128, 59, 0, 0.00%, 35, 6, 8, 445.23, 2574348, 139
44217, 14, 53, 128, 59, 0, 0.00%, 35, 6, 8, 671.21, 2576471, 139
44223, 14, 7, 128, 59, 0, 0.00%, 35, 6, 8, 562.79, 2579215, 139
44228, 14, 38, 128, 59, 0, 0.00%, 35, 6, 8, 546.78, 2581755, 139
44233, 14, 68, 128, 59, 0, 0.00%, 35, 6, 8, 497.73, 2584176, 139
44238, 14, 116, 128, 59, 0, 0.00%, 35, 6, 8, 533.05, 2586885, 139
44243, 14, 7, 128, 59, 0, 0.00%, 35, 6, 8, 539.63, 2588600, 139
44248, 14, 50, 128, 59, 0, 0.00%, 35, 6, 8, 548.66, 2591046, 139
44253, 14, 28, 128, 59, 0, 0.00%, 35, 6, 8, 638.49, 2594316, 139
44258, 14, 28, 128, 59, 0, 0.00%, 35, 6, 8, 634.12, 2597165, 139
44263, 14, 7, 128, 59, 0, 0.00%, 35, 6, 8, 730.00, 2600398, 139
44268, 14, 67, 128, 59, 0, 0.00%, 35, 6, 8, 501.39, 2603457, 139
44274, 14, 67, 128, 59, 0, 0.00%, 35, 6, 8, 551.36, 2605423, 139
44279, 14, 88, 128, 59, 0, 0.00%, 35, 6, 8, 179.15, 2607773, 139
44284, 14, 7, 128, 59, 0, 0.00%, 35, 6, 8, 314.37, 2609684, 139
44289, 14, 82, 128, 59, 0, 0.00%, 35, 6, 8, 290.46, 2610976, 139
44294, 14, 28, 128, 59, 0, 0.00%, 35, 6, 8, 543.11, 2613857, 139
44299, 14, 28, 128, 59, 0, 0.00%, 35, 6, 8, 646.60, 2616612, 139
44304, 14, 28, 128, 59, 0, 0.00%, 35, 6, 8, 591.95, 2619562, 139
44309, 14, 32, 128, 59, 0, 0.00%, 35, 6, 8, 598.76, 2621600, 139
44314, 14, 28, 128, 59, 0, 0.00%, 35, 6, 8, 534.05, 2624091, 139
44319, 14, 40, 128, 59, 0, 0.00%, 35, 6, 8, 609.51, 2627009, 139
44325, 14, 28, 128, 59, 0, 0.00%, 35, 6, 8, 581.69, 2629735, 139
44330, 14, 32, 128, 59, 0, 0.00%, 35, 6, 8, 599.72, 2632024, 139
44335, 14, 7, 128, 59, 0, 0.00%, 35, 6, 8, 502.23, 2634351, 139
44340, 14, 80, 128, 59, 0, 0.00%, 35, 6, 8, 649.31, 2637919, 139
44345, 14, 116, 128, 59, 0, 0.00%, 35, 6, 8, 625.94, 2641138, 139
44350, 15, 82, 128, 59, 0, 0.00%, 35, 6, 8, 84.17, 2642978, 139
44355, 15, 53, 128, 59, 0, 0.00%, 35, 6, 8, 411.07, 2644885, 139
44361, 15, 40, 128, 59, 0, 0.00%, 35, 6, 8, 570.13, 2647988, 139
44366, 15, 45, 128, 59, 0, 0.00%, 35, 6, 8, 643.03, 2650849, 139
44371, 15, 38, 128, 59, 0, 0.00%, 35, 6, 8, 609.38, 2653318, 139
44376, 15, 28, 128, 59, 0, 0.00%, 35, 6, 8, 83.72, 2655076, 139
44381, 15, 53, 128, 59, 0, 0.00%, 35, 6, 8, 647.82, 2658338, 139
44386, 15, 28, 128, 59, 0, 0.00%, 35, 6, 8, 513.43, 2660610, 139
44391, 15, 28, 128, 59, 0, 0.00%, 35, 6, 8, 463.09, 2662707, 139
44396, 15, 28, 128, 59, 0, 0.00%, 35, 6, 8, 604.92, 2665714, 139
44402, 15, 85, 128, 59, 0, 0.00%, 35, 6, 8, 571.03, 2668159, 139
44407, 15, 53, 128, 58, 0, 0.00%, 35, 6, 8, 578.12, 2670363, 139
44412, 15, 57, 128, 58, 0, 0.00%, 35, 6, 8, 542.18, 2672535, 139
44417, 15, 7, 128, 58, 0, 0.00%, 35, 6, 8, 196.70, 2674747, 139
44422, 15, 46, 128, 58, 0, 0.00%, 35, 6, 8, 397.10, 2676967, 139
44427, 15, 28, 129, 59, 0, 0.00%, 35, 6, 8, 565.29, 2679480, 139
44432, 15, 27, 129, 59, 0, 0.00%, 35, 6, 8, 624.17, 2682299, 139
44437, 15, 29, 129, 59, 0, 0.00%, 35, 6, 8, 241.51, 2683920, 139
44442, 15, 27, 129, 59, 0, 0.00%, 35, 6, 8, 588.99, 2687302, 139
44447, 15, 28, 129, 59, 0, 0.00%, 35, 6, 8, 645.60, 2690245, 139
44452, 15, 28, 129, 59, 0, 0.00%, 35, 6, 8, 536.63, 2692818, 139
44458, 15, 7, 129, 59, 0, 0.00%, 35, 6, 8, 568.46, 2695954, 139
44463, 15, 28, 129, 59, 0, 0.00%, 35, 6, 8, 661.16, 2699464, 139
44468, 15, 80, 129, 59, 0, 0.00%, 35, 6, 8, 188.66, 2702490, 139
44473, 15, 28, 129, 59, 0, 0.00%, 35, 6, 8, 380.99, 2704342, 139
44478, 15, 5, 129, 59, 0, 0.00%, 35, 6, 8, 470.82, 2706722, 139
44483, 15, 7, 129, 59, 0, 0.00%, 35, 6, 8, 479.93, 2709060, 139
44488, 15, 28, 129, 59, 0, 0.00%, 35, 6, 8, 392.52, 2711352, 139
44493, 15, 28, 129, 59, 0, 0.00%, 35, 6, 8, 556.69, 2714347, 139
44498, 15, 7, 129, 59, 0, 0.00%, 35, 6, 8, 582.95, 2717269, 139
44504, 15, 116, 129, 59, 0, 0.00%, 35, 6, 8, 594.91, 2719799, 139
44509, 15, 116, 129, 59, 0, 0.00%, 35, 6, 8, 414.26, 2722361, 139
44514, 15, 80, 129, 59, 0, 0.00%, 35, 6, 8, 622.49, 2725219, 139
44519, 15, 84, 129, 59, 0, 0.00%, 35, 6, 8, 579.64, 2727829, 139
44524, 15, 28, 129, 59, 0, 0.00%, 35, 6, 8, 658.46, 2730396, 139
44529, 15, 79, 129, 59, 0, 0.00%, 35, 6, 8, 644.04, 2733554, 139
44534, 15, 79, 129, 59, 0, 0.00%, 35, 6, 8, 624.18, 2736632, 139
44539, 15, 27, 129, 59, 0, 0.00%, 35, 6, 8, 626.60, 2739213, 139
44544, 15, 28, 129, 59, 0, 0.00%, 35, 6, 8, 546.11, 2741797, 139
44550, 15, 47, 129, 59, 0, 0.00%, 35, 6, 8, 671.61, 2745439, 139
44555, 15, 76, 129, 59, 0, 0.00%, 35, 6, 8, 668.35, 2747649, 139
44560, 15, 76, 129, 59, 0, 0.00%, 35, 6, 8, 649.66, 2750744, 139
44565, 15, 67, 129, 59, 0, 0.00%, 35, 6, 8, 550.36, 2753756, 139
44570, 15, 53, 129, 59, 0, 0.00%, 35, 6, 8, 203.38, 2756253, 139
44575, 15, 7, 129, 59, 0, 0.00%, 35, 6, 8, 433.59, 2758731, 139
44580, 15, 28, 129, 59, 0, 0.00%, 35, 6, 8, 95.41, 2761015, 139
44585, 15, 67, 129, 59, 0, 0.00%, 35, 6, 8, 667.35, 2764180, 139
44590, 15, 27, 129, 59, 0, 0.00%, 35, 6, 8, 597.11, 2767047, 139
44595, 15, 28, 129, 59, 0, 0.00%, 35, 6, 8, 488.56, 2769355, 139
44601, 15, 28, 129, 59, 0, 0.00%, 35, 6, 8, 544.67, 2772060, 139
44606, 15, 27, 129, 59, 0, 0.00%, 35, 6, 8, 656.09, 2775627, 139
44611, 15, 67, 129, 59, 0, 0.00%, 35, 6, 8, 634.07, 2778717, 139
44616, 15, 67, 129, 59, 0, 0.00%, 35, 6, 8, 646.39, 2782045, 139
44621, 15, 28, 129, 59, 0, 0.00%, 35, 6, 8, 740.00, 2784051, 139
44626, 15, 50, 129, 59, 0, 0.00%, 35, 6, 8, 599.55, 2786860, 139
44631, 15, 88, 129, 59, 0, 0.00%, 35, 6, 8, 134.34, 2789772, 139
44636, 15, 7, 129, 59, 0, 0.00%, 35, 6, 8, 547.25, 2792910, 139
44641, 15, 53, 129, 59, 0, 0.00%, 35, 6, 8, 521.05, 2795713, 139
44647, 15, 7, 129, 59, 0, 0.00%, 35, 6, 8, 98.65, 2798123, 139
44652, 15, 5, 129, 59, 0, 0.00%, 35, 6, 8, 399.79, 2800467, 139
44657, 15, 116, 129, 59, 0, 0.00%, 35, 6, 8, 81.18, 2803548, 139
44662, 16, 28, 129, 59, 0, 0.00%, 35, 6, 8, 616.06, 2805668, 139
44667, 16, 28, 129, 59, 0, 0.00%, 35, 6, 8, 555.08, 2808347, 139
44672, 16, 40, 129, 59, 0, 0.00%, 35, 6, 8, 270.03, 2810192, 139
44677, 16, 53, 129, 59, 0, 0.00%, 35, 6, 8, 510.39, 2813094, 139
44683, 16, 46, 129, 59, 0, 0.00%, 35, 6, 8, 86.64, 2816330, 139
44688, 16, 53, 129, 59, 0, 0.00%, 35, 6, 8, 580.69, 2819206, 139
44693, 16, 46, 129, 59, 0, 0.00%, 35, 6, 8, 469.69, 2821305, 139
44698, 16, 27, 129, 59, 0, 0.00%, 35, 6, 8, 536.57, 2823966, 139
44703, 16, 28, 129, 59, 0, 0.00%, 35, 6, 8, 497.61, 2826480, 139
44708, 16, 7, 129, 59, 0, 0.00%, 35, 6, 8, 493.81, 2829306, 139
44713, 16, 7, 129, 59, 0, 0.00%, 35, 6, 8, 655.05, 2832443, 139
44718, 16, 29, 129, 59, 0, 0.00%, 35, 6, 8, 645.34, 2835511, 139
44724, 16, 28, 129, 59, 0, 0.00%, 35, 6, 8, 591.08, 2838556, 139
44729, 16, 27, 129, 59, 0, 0.00%, 35, 6, 8, 515.57, 2840567, 139
44734, 16, 38, 129, 59, 0, 0.00%, 35, 6, 8, 520.72, 2842495, 139
44739, 16, 28, 129, 59, 0, 0.00%, 35, 6, 8, 91.90, 2845123, 139
44744, 16, 121, 129, 59, 0, 0.00%, 35, 6, 8, 620.61, 2847943, 139
44749, 16, 28, 129, 58, 0, 0.00%, 35, 6, 8, 399.49, 2850457, 139
44754, 16, 13, 129, 58, 0, 0.00%, 35, 6, 8, 656.17, 2853376, 139
44759, 16, 38, 129, 57, 0, 0.00%, 35, 6, 8, 608.57, 2856503, 139
44764, 16, 27, 129, 57, 0, 0.00%, 35, 6, 8, 637.84, 2859335, 139
44769, 16, 28, 129, 57, 0, 0.00%, 35, 6, 8, 651.83, 2862653, 139
44774, 16, 78, 129, 57, 0, 0.00%, 35, 6, 8, 681.20, 2866160, 139
44779, 16, 28, 129, 57, 0, 0.00%, 35, 6, 8, 628.67, 2869144, 139
44785, 16, 7, 129, 57, 0, 0.00%, 35, 6, 8, 657.56, 2872610, 139
44790, 16, 82, 129, 57, 0, 0.00%, 35, 6, 8, 698.54, 2875707, 139
44795, 16, 5, 129, 57, 0, 0.00%, 35, 6, 8, 533.99, 2878089, 139
44800, 16, 38, 129, 57, 0, 0.00%, 35, 6, 8, 290.51, 2880283, 139
44805, 16, 28, 129, 57, 0, 0.00%, 35, 6, 8, 373.65, 2882428, 139
44810, 16, 28, 129, 57, 0, 0.00%, 35, 6, 8, 491.72, 2884847, 139
44815, 16, 14, 129, 57, 0, 0.00%, 35, 6, 8, 558.42, 2887216, 139
44821, 16, 29, 129, 57, 0, 0.00%, 35, 6, 8, 408.75, 2889095, 139
44826, 16, 76, 129, 57, 0, 0.00%, 35, 6, 8, 482.40, 2891806, 139
44831, 16, 76, 129, 57, 0, 0.00%, 35, 6, 8, 596.91, 2894828, 139
44836, 16, 116, 129, 57, 0, 0.00%, 35, 6, 8, 642.46, 2898201, 139
44841, 16, 71, 129, 57, 0, 0.00%, 35, 6, 8, 631.73, 2900896, 139
44846, 16, 116, 129, 57, 0, 0.00%, 35, 6, 8, 662.79, 2904454, 139
44851, 16, 5, 129, 57, 0, 0.00%, 35, 6, 8, 158.76, 2907095, 139
44856, 16, 32, 129, 57, 0, 0.00%, 35, 6, 8, 479.51, 2909585, 139
44862, 16, 67, 129, 57, 0, 0.00%, 35, 6, 8, 311.72, 2911960, 139
44867, 16, 41, 129, 57, 0, 0.00%, 35, 6, 8, 593.90, 2915046, 139
44872, 16, 35, 129, 57, 0, 0.00%, 35, 6, 8, 198.25, 2918142, 139
44877, 16, 7, 129, 57, 0, 0.00%, 35, 6, 8, 417.46, 2920581, 139
44882, 16, 38, 129, 57, 0, 0.00%, 35, 6, 8, 460.64, 2923089, 139
44887, 16, 45, 129, 57, 0, 0.00%, 35, 6, 8, 578.89, 2925912, 139
44892, 16, 68, 129, 57, 0, 0.00%, 35, 6, 8, 593.99, 2928767, 139
44897, 16, 67, 129, 57, 0, 0.00%, 35, 6, 8, 696.74, 2932425, 139
44902, 16, 88, 129, 57, 0, 0.00%, 35, 6, 8, 673.57, 2935369, 139
44907, 16, 88, 129, 57, 0, 0.00%, 35, 6, 8, 697.09, 2938892, 139
44912, 16, 7, 129, 57, 0, 0.00%, 35, 6, 8, 517.48, 2941750, 139
44917, 16, 45, 129, 57, 0, 0.00%, 35, 6, 8, 648.07, 2943949, 139
44923, 16, 7, 129, 57, 0, 0.00%, 35, 6, 8, 632.81, 2946916, 139
44928, 16, 28, 129, 57, 0, 0.00%, 35, 6, 8, 614.68, 2949501, 139
44933, 16, 116, 129, 57, 0, 0.00%, 35, 6, 8, 639.17, 2952978, 139
44938, 16, 116, 129, 57, 0, 0.00%, 35, 6, 8, 215.52, 2955098, 139
44943, 16, 28, 129, 57, 0, 0.00%, 35, 6, 8, 116.75, 2958042, 139
44948, 16, 7, 129, 57, 0, 0.00%, 35, 6, 8, 570.04, 2960633, 139
44954, 16, 28, 129, 57, 0, 0.00%, 35, 6, 8, 374.12, 2962270, 139
44959, 16, 80, 129, 57, 0, 0.00%, 35, 6, 8, 405.33, 2964318, 139
44964, 17, 28, 129, 57, 0, 0.00%, 35, 6, 8, 638.81, 2967807, 139
44969, 17, 67, 129, 57, 0, 0.00%, 35, 6, 8, 633.60, 2970583, 139
44974, 17, 28, 129, 57, 0, 0.00%, 35, 6, 8, 269.73, 2972510, 139
44979, 17, 28, 129, 57, 0, 0.00%, 35, 6, 8, 687.32, 2974947, 139
44984, 17, 28, 129, 57, 0, 0.00%, 35, 6, 8, 612.88, 2977624, 139
44989, 17, 28, 129, 56, 0, 0.00%, 35, 6, 8, 84.25, 2979608, 139
44995, 17, 47, 129, 56, 0, 0.00%, 35, 6, 8, 567.98, 2982575, 139
45000, 17, 84, 129, 56, 0, 0.00%, 35, 6, 8, 409.41, 2984470, 139
45005, 17, 29, 129, 56, 0, 0.00%, 35, 6, 8, 582.09, 2987049, 139
45010, 17, 38, 129, 56, 0, 0.00%, 35, 6, 8, 520.44, 2989045, 139
45015, 17, 40, 129, 56, 0, 0.00%, 35, 6, 8, 652.91, 2992594, 139
45020, 17, 116, 129, 56, 0, 0.00%, 35, 6, 8, 608.54, 2995084, 139
45025, 17, 7, 129, 56, 0, 0.00%, 35, 6, 8, 633.42, 2997607, 139
45031, 17, 71, 129, 56, 0, 0.00%, 35, 6, 8, 583.41, 2999612, 139
45036, 17, 28, 129, 56, 0, 0.00%, 35, 6, 8, 516.20, 3002501, 139
45041, 17, 53, 129, 56, 0, 0.00%, 35, 6, 8, 607.74, 3005315, 139
45046, 17, 28, 129, 56, 0, 0.00%, 35, 6, 8, 180.82, 3007840, 139
45051, 17, 67, 129, 56, 0, 0.00%, 35, 6, 8, 76.36, 3010527, 139
45056, 17, 50, 129, 56, 0, 0.00%, 35, 6, 8, 614.02, 3013433, 139
45061, 17, 28, 129, 56, 0, 0.00%, 35, 6, 8, 620.04, 3015947, 139
45066, 17, 67, 129, 56, 0, 0.00%, 35, 6, 8, 678.45, 3019598, 139
45071, 17, 88, 129, 56, 0, 0.00%, 35, 6, 8, 638.88, 3021697, 139
45077, 17, 78, 129, 56, 0, 0.00%, 35, 6, 8, 692.82, 3025225, 139
45082, 17, 28, 129, 56, 0, 0.00%, 35, 6, 8, 631.45, 3028145, 139
45087, 17, 38, 129, 56, 0, 0.00%, 35, 6, 8, 458.08, 3030180, 139
45092, 17, 28, 129, 56, 0, 0.00%, 35, 6, 8, 507.20, 3032936, 139
45097, 17, 28, 129, 56, 0, 0.00%, 35, 6, 8, 668.25, 3035303, 139
45102, 17, 67, 129, 56, 0, 0.00%, 35, 6, 8, 502.42, 3037636, 139
45107, 17, 46, 129, 56, 0, 0.00%, 35, 6, 8, 643.21, 3040342, 139
45112, 17, 14, 129, 56, 0, 0.00%, 35, 6, 8, 567.13, 3043522, 139
45118, 17, 7, 129, 56, 0, 0.00%, 35, 7, 8, 77.59, 3045554, 139
45123, 17, 27, 129, 56, 0, 0.00%, 35, 7, 8, 656.16, 3048173, 139
45128, 17, 67, 129, 55, 0, 0.00%, 35, 7, 8, 593.63, 3050705, 139
45133, 17, 68, 129, 55, 0, 0.00%, 35, 7, 8, 582.81, 3053373, 139
45138, 17, 67, 129, 55, 0, 0.00%, 35, 7, 8, 650.04, 3056394, 139
45143, 17, 38, 129, 55, 0, 0.00%, 35, 7, 8, 448.75, 3058927, 139
45148, 17, 27, 129, 55, 0, 0.00%, 35, 7, 8, 607.76, 3061362, 139
45153, 17, 38, 129, 55, 0, 0.00%, 35, 7, 8, 660.24, 3063678, 139
45158, 17, 29, 129, 55, 0, 0.00%, 35, 7, 8, 389.31, 3066196, 139
45163, 17, 28, 129, 55, 0, 0.00%, 35, 7, 8, 583.64, 3068822, 139
45168, 17, 38, 129, 55, 0, 0.00%, 35, 7, 8, 640.04, 3071070, 139
45174, 17, 28, 129, 55, 0, 0.00%, 35, 7, 8, 84.29, 3073359, 139
45179, 17, 7, 129, 55, 0, 0.00%, 35, 7, 8, 488.73, 3075871, 139
45184, 17, 27, 129, 55, 0, 0.00%, 35, 7, 8, 453.81, 3077831, 139
45189, 17, 38, 129, 55, 0, 0.00%, 35, 7, 8, 544.44, 3080256, 139
45194, 17, 29, 129, 55, 0, 0.00%, 35, 7, 8, 654.09, 3083878, 139
45199, 17, 28, 129, 55, 0, 0.00%, 35, 7, 8, 544.37, 3086412, 139
45204, 17, 28, 129, 55, 0, 0.00%, 35, 7, 8, 191.62, 3087782, 139
45209, 17, 38, 129, 55, 0, 0.00%, 35, 7, 8, 239.22, 3089085, 139
45215, 17, 38, 129, 55, 0, 0.00%, 35, 7, 8, 319.52, 3090713, 139
45220, 17, 68, 129, 55, 0, 0.00%, 35, 7, 8, 505.22, 3093394, 139
45225, 17, 116, 129, 55, 0, 0.00%, 35, 7, 8, 496.71, 3095742, 139
45230, 17, 45, 129, 55, 0, 0.00%, 35, 7, 8, 516.86, 3098727, 139
45235, 17, 28, 129, 55, 0, 0.00%, 35, 7, 8, 104.60, 3101266, 139
45240, 17, 14, 129, 55, 0, 0.00%, 35, 7, 8, 217.89, 3103707, 139
45245, 17, 116, 129, 55, 0, 0.00%, 35, 7, 8, 417.58, 3106057, 139
45251, 17, 71, 129, 55, 0, 0.00%, 35, 7, 8, 645.82, 3109054, 139
45256, 17, 28, 129, 55, 0, 0.00%, 35, 7, 8, 658.89, 3111886, 139
45261, 17, 28, 129, 55, 0, 0.00%, 35, 7, 8, 433.74, 3113652, 139
45266, 17, 28, 129, 55, 0, 0.00%, 35, 7, 8, 441.60, 3116379, 139
45271, 17, 40, 129, 55, 0, 0.00%, 35, 7, 8, 562.45, 3119092, 139
45276, 17, 29, 129, 55, 0, 0.00%, 35, 7, 8, 494.58, 3120747, 139
45281, 17, 116, 129, 55, 0, 0.00%, 35, 7, 8, 531.82, 3123048, 139
45286, 17, 28, 129, 55, 0, 0.00%, 35, 7, 8, 49.26, 3124768, 139
45292, 18, 27, 129, 55, 0, 0.00%, 35, 7, 8, 668.32, 3127010, 139
45297, 18, 71, 129, 55, 0, 0.00%, 35, 7, 8, 609.44, 3129026, 139
45302, 18, 29, 129, 55, 0, 0.00%, 35, 7, 8, 649.84, 3132203, 139
45307, 18, 88, 129, 55, 0, 0.00%, 35, 7, 8, 659.87, 3135686, 139
45312, 18, 7, 129, 55, 0, 0.00%, 35, 7, 8, 672.53, 3139041, 139
45317, 18, 77, 129, 55, 0, 0.00%, 35, 7, 8, 538.96, 3141835, 139
45322, 18, 28, 129, 55, 0, 0.00%, 35, 7, 8, 501.26, 3144464, 139
45327, 18, 29, 129, 55, 0, 0.00%, 35, 7, 8, 530.00, 3146407, 139
45332, 18, 28, 129, 55, 0, 0.00%, 35, 7, 8, 183.44, 3148572, 139
45338, 18, 45, 129, 55, 0, 0.00%, 35, 7, 8, 423.61, 3150885, 139
45343, 18, 38, 129, 55, 0, 0.00%, 35, 7, 8, 624.31, 3154290, 139
45348, 18, 67, 129, 55, 0, 0.00%, 35, 7, 8, 624.99, 3157541, 139
45353, 18, 28, 129, 55, 0, 0.00%, 35, 7, 8, 630.97, 3159912, 139
45358, 18, 67, 129, 55, 0, 0.00%, 35, 7, 8, 660.32, 3163252, 139
45363, 18, 28, 129, 55, 0, 0.00%, 35, 7, 8, 115.79, 3166123, 139
45368, 18, 28, 129, 55, 0, 0.00%, 35, 7, 8, 366.94, 3168223, 139
45373, 18, 7, 129, 55, 0, 0.00%, 35, 7, 8, 583.05, 3171489, 139
45378, 18, 7, 129, 54, 0, 0.00%, 35, 7, 8, 600.50, 3174278, 139
45383, 18, 28, 129, 54, 0, 0.00%, 35, 7, 8, 623.18, 3177413, 139
45388, 18, 67, 129, 54, 0, 0.00%, 35, 7, 8, 528.03, 3179948, 139
45393, 18, 67, 129, 54, 0, 0.00%, 35, 7, 8, 648.49, 3183346, 139
45399, 18, 116, 129, 54, 0, 0.00%, 35, 7, 8, 626.14, 3186186, 139
45404, 18, 116, 129, 54, 0, 0.00%, 35, 7, 8, 471.97, 3188930, 139
45409, 18, 38, 129, 54, 0, 0.00%, 35, 7, 8, 622.47, 3192445, 139
45414, 18, 28, 129, 54, 0, 0.00%, 35, 7, 8, 691.36, 3194564, 139
45419, 18, 28, 129, 54, 0, 0.00%, 35, 7, 8, 655.41, 3197479, 139
45424, 18, 116, 129, 54, 0, 0.00%, 35, 7, 8, 649.97, 3200200, 139
45429, 18, 7, 129, 54, 0, 0.00%, 35, 7, 8, 573.29, 3202677, 139
45434, 18, 29, 129, 54, 0, 0.00%, 35, 7, 8, 124.83, 3205439, 139
45439, 18, 80, 129, 54, 0, 0.00%, 35, 7, 8, 457.30, 3208264, 139
45444, 18, 7, 129, 54, 0, 0.00%, 35, 7, 8, 634.07, 3210967, 139
45450, 18, 38, 129, 54, 0, 0.00%, 35, 7, 8, 686.57, 3213604, 139
45455, 18, 28, 129, 54, 0, 0.00%, 35, 7, 8, 100.33, 3215786, 139
45460, 18, 28, 129, 54, 0, 0.00%, 35, 7, 8, 437.71, 3217385, 139
45465, 18, 28, 129, 54, 0, 0.00%, 36, 7, 8, 211.78, 3219298, 139
45470, 18, 67, 129, 54, 0, 0.00%, 36, 7, 8, 360.30, 3221100, 139
45475, 18, 53, 129, 54, 0, 0.00%, 36, 7, 8, 591.14, 3224255, 139
45480, 18, 7, 129, 54, 0, 0.00%, 36, 7, 8, 627.67, 3227587, 139
45485, 18, 7, 129, 54, 0, 0.00%, 36, 7, 8, 524.27, 3230517, 139
45490, 18, 28, 129, 54, 0, 0.00%, 36, 7, 8, 623.23, 3233247, 139
45495, 18, 71, 129, 54, 0, 0.00%, 36, 7, 8, 660.85, 3236748, 139
45500, 18, 28, 129, 54, 0, 0.00%, 36, 7, 8, 642.82, 3239993, 139
45506, 18, 27, 129, 54, 0, 0.00%, 36, 7, 8, 231.96, 3242431, 139
45511, 18, 28, 129, 54, 0, 0.00%, 36, 7, 8, 502.93, 3245015, 139
45516, 18, 28, 129, 54, 0, 0.00%, 36, 7, 8, 571.17, 3247549, 139
45521, 18, 7, 129, 54, 0, 0.00%, 36, 7, 8, 556.46, 3250065, 139
45526, 18, 28, 129, 54, 0, 0.00%, 36, 7, 8, 660.85, 3253693, 139
45531, 18, 53, 129, 54, 0, 0.00%, 36, 7, 8, 506.38, 3255991, 139
45536, 18, 68, 129, 54, 0, 0.00%, 36, 7, 8, 648.72, 3258927, 139
45541, 18, 7, 129, 54, 0, 0.00%, 36, 7, 8, 515.00, 3261536, 139
45546, 18, 116, 129, 54, 0, 0.00%, 36, 7, 8, 591.31, 3263785, 139
45552, 18, 28, 129, 54, 0, 0.00%, 36, 7, 8, 555.15, 3265900, 139
45557, 18, 7, 129, 54, 0, 0.00%, 36, 7, 8, 582.65, 3268561, 139
45562, 18, 28, 129, 54, 0, 0.00%, 36, 7, 8, 588.65, 3271266, 139
45567, 18, 29, 129, 54, 0, 0.00%, 36, 7, 8, 674.39, 3274824, 139
45572, 18, 7, 129, 54, 0, 0.00%, 36, 7, 8, 652.82, 3277863, 139
45577, 18, 28, 129, 54, 0, 0.00%, 36, 7, 8, 96.77, 3281072, 139
45582, 18, 28, 129, 54, 0, 0.00%, 36, 7, 8, 128.98, 3283163, 139
45587, 18, 28, 129, 54, 0, 0.00%, 36, 7, 8, 275.00, 3284706, 139
45592, 18, 84, 129, 54, 0, 0.00%, 36, 7, 8, 216.72, 3287135, 139
45597, 18, 88, 129, 54, 0, 0.00%, 36, 7, 8, 515.63, 3289357, 139
45603, 18, 27, 129, 54, 0, 0.00%, 36, 7, 8, 424.12, 3292004, 139
45608, 18, 9, 129, 54, 0, 0.00%, 36, 7, 8, 107.14, 3295403, 139
45613, 19, 28, 129, 54, 0, 0.00%, 36, 7, 8, 506.69, 3298051, 139
45618, 19, 76, 129, 54, 0, 0.00%, 37, 7, 8, 562.68, 3300325, 139
45623, 19, 76, 129, 54, 0, 0.00%, 37, 7, 8, 681.33, 3302286, 139
45628, 19, 7, 129, 54, 0, 0.00%, 37, 7, 8, 510.96, 3304231, 139
45634, 19, 82, 129, 54, 0, 0.00%, 37, 7, 8, 573.56, 3307093, 139
45639, 19, 28, 129, 54, 0, 0.00%, 37, 7, 8, 548.92, 3309582, 139
45644, 19, 28, 129, 54, 0, 0.00%, 37, 7, 8, 97.17, 3312843, 139
45649, 19, 28, 129, 54, 0, 0.00%, 37, 7, 8, 289.04, 3315634, 139
45654, 19, 28, 129, 54, 0, 0.00%, 37, 7, 8, 161.29, 3318033, 139
45659, 19, 29, 129, 54, 0, 0.00%, 37, 7, 8, 600.33, 3320793, 139
45664, 19, 112, 129, 54, 0, 0.00%, 37, 7, 8, 562.31, 3323241, 139
45669, 19, 78, 129, 53, 0, 0.00%, 37, 7, 8, 550.74, 3325974, 139
45674, 19, 7, 129, 53, 0, 0.00%, 37, 7, 8, 597.10, 3328965, 139
45679, 19, 38, 129, 53, 0, 0.00%, 37, 7, 8, 553.84, 3331507, 139
45684, 19, 38, 129, 53, 0, 0.00%, 37, 7, 8, 482.71, 3334136, 139
45690, 19, 28, 129, 53, 0, 0.00%, 37, 7, 8, 623.68, 3337085, 139
45695, 19, 28, 129, 53, 0, 0.00%, 37, 7, 8, 575.25, 3340146, 139
45700, 19, 116, 129, 53, 0, 0.00%, 37, 7, 8, 447.21, 3342521, 139
45705, 19, 116, 129, 53, 0, 0.00%, 37, 7, 8, 650.00, 3344174, 139
45710, 19, 5, 129, 53, 0, 0.00%, 37, 7, 8, 541.56, 3346553, 139
45715, 19, 28, 129, 53, 0, 0.00%, 37, 7, 8, 333.01, 3348895, 139
45720, 19, 40, 129, 53, 0, 0.00%, 37, 7, 8, 498.11, 3351767, 139
45725, 19, 79, 129, 53, 0, 0.00%, 37, 7, 8, 92.72, 3354838, 139
45731, 19, 79, 129, 53, 0, 0.00%, 37, 7, 8, 622.87, 3356654, 139
45736, 19, 67, 129, 53, 0, 0.00%, 37, 7, 8, 620.30, 3359360, 139
45741, 19, 28, 129, 53, 0, 0.00%, 37, 7, 8, 665.01, 3362890, 139
45746, 19, 68, 129, 53, 0, 0.00%, 37, 7, 8, 669.06, 3365283, 139
45751, 19, 77, 129, 53, 0, 0.00%, 37, 7, 8, 199.79, 3367155, 139
45756, 19, 38, 129, 53, 0, 0.00%, 37, 7, 8, 443.41, 3369574, 139
45761, 19, 27, 129, 53, 0, 0.00%, 37, 7, 8, 78.21, 3372611, 139
45766, 19, 38, 129, 53, 0, 0.00%, 37, 7, 8, 92.66, 3374401, 139
45771, 19, 116, 129, 53, 0, 0.00%, 37, 7, 8, 440.10, 3376492, 139
45776, 19, 28, 129, 53, 0, 0.00%, 37, 7, 8, 640.30, 3379015, 139
45781, 19, 7, 129, 53, 0, 0.00%, 37, 7, 8, 477.66, 3381003, 139
45786, 19, 38, 129, 53, 0, 0.00%, 37, 7, 8, 619.31, 3384327, 139
45792, 19, 7, 129, 53, 0, 0.00%, 37, 7, 8, 530.33, 3386901, 139
45797, 19, 67, 129, 53, 0, 0.00%, 37, 7, 8, 652.22, 3388818, 139
45802, 19, 28, 129, 53, 0, 0.00%, 37, 7, 8, 604.72, 3391155, 139
45807, 19, 76, 129, 53, 0, 0.00%, 37, 7, 8, 542.25, 3393456, 139
45812, 19, 76, 129, 53, 0, 0.00%, 37, 7, 8, 413.15, 3395840, 139
45817, 19, 116, 129, 53, 0, 0.00%, 37, 7, 8, 137.23, 3397672, 139
45822, 19, 29, 129, 53, 0, 0.00%, 37, 7, 8, 568.35, 3400954, 139
45827, 19, 68, 129, 53, 0, 0.00%, 37, 7, 8, 578.20, 3404048, 139
45832, 19, 38, 129, 53, 0, 0.00%, 37, 7, 8, 103.29, 3406919, 139
45838, 19, 116, 129, 53, 0, 0.00%, 37, 7, 8, 573.44, 3409065, 139
45843, 19, 28, 129, 53, 0, 0.00%, 37, 7, 8, 148.20, 3410830, 139
45848, 19, 27, 129, 53, 0, 0.00%, 37, 7, 8, 488.70, 3413700, 139
45853, 19, 28, 129, 53, 0, 0.00%, 37, 7, 8, 632.21, 3417174, 139
45858, 19, 14, 129, 53, 0, 0.00%, 37, 7, 8, 516.16, 3419349, 139
45863, 19, 53, 129, 53, 0, 0.00%, 37, 7, 8, 585.07, 3422217, 139
45868, 19, 28, 129, 53, 0, 0.00%, 37, 7, 8, 643.75, 3424665, 139
45873, 19, 9, 129, 53, 0, 0.00%, 37, 7, 8, 629.53, 3426506, 139
45878, 19, 28, 129, 53, 0, 0.00%, 37, 7, 8, 667.21, 3428805, 139
45884, 19, 28, 129, 53, 0, 0.00%, 37, 7, 8, 621.49, 3431346, 139
45889, 19, 28, 129, 53, 0, 0.00%, 37, 7, 8, 654.85, 3434244, 139
45894, 19, 7, 129, 53, 0, 0.00%, 37, 7, 8, 538.15, 3436475, 139
45899, 19, 53, 129, 53, 0, 0.00%, 37, 7, 8, 653.79, 3439087, 139
45904, 19, 78, 129, 53, 0, 0.00%, 37, 7, 8, 367.22, 3441074, 139
45909, 19, 29, 129, 53, 0, 0.00%, 37, 7, 8, 71.43, 3443780, 139
45914, 19, 82, 129, 53, 0, 0.00%, 37, 7, 8, 447.68, 3446202, 139
45919, 19, 27, 129, 53, 0, 0.00%, 37, 7, 8, 80.51, 3447971, 139
45924, 19, 47, 129, 53, 0, 0.00%, 37, 7, 8, 680.00, 3449815, 139
45929, 19, 28, 129, 53, 0, 0.00%, 37, 7, 8, 303.26, 3451826, 139
45934, 19, 28, 129, 53, 0, 0.00%, 37, 7, 8, 636.84, 3454535, 139
45940, 19, 28, 129, 53, 0, 0.00%, 37, 7, 8, 355.17, 3456975, 139
45945, 19, 67, 129, 53, 0, 0.00%, 37, 7, 8, 625.42, 3460527, 139
45950, 19, 28, 129, 53, 0, 0.00%, 37, 7, 8, 587.08, 3463509, 139
45955, 19, 46, 129, 53, 0, 0.00%, 37, 7, 8, 558.85, 3465918, 139
45960, 19, 7, 129, 53, 0, 0.00%, 37, 7, 8, 579.29, 3468232, 139
45965, 19, 28, 129, 53, 0, 0.00%, 37, 7, 8, 588.12, 3470421, 139
45971, 19, 7, 129, 53, 0, 0.00%, 37, 7, 8, 632.36, 3472589, 139
45976, 19, 7, 129, 53, 0, 0.00%, 37, 7, 8, 283.78, 3474614, 139
45981, 19, 46, 129, 53, 0, 0.00%, 37, 7, 8, 186.34, 3476475, 139
45986, 19, 28, 129, 53, 0, 0.00%, 37, 7, 8, 345.72, 3478409, 139
45991, 20, 5, 129, 52, 0, 0.00%, 37, 7, 8, 450.78, 3480197, 139
45996, 20, 28, 129, 52, 0, 0.00%, 37, 7, 8, 109.81, 3482172, 139
46001, 20, 46, 129, 52, 0, 0.00%, 37, 7, 8, 269.76, 3483624, 139
46006, 20, 67, 129, 52, 0, 0.00%, 37, 7, 8, 608.64, 3485999, 139
46011, 20, 28, 129, 52, 0, 0.00%, 37, 7, 8, 440.00, 3488211, 139
46017, 20, 71, 129, 52, 0, 0.00%, 37, 7, 8, 480.67, 3490109, 139
46022, 20, 53, 129, 52, 0, 0.00%, 37, 7, 8, 602.65, 3492459, 139
46027, 20, 28, 129, 52, 0, 0.00%, 37, 7, 8, 72.73, 3494558, 139
46032, 20, 28, 129, 52, 0, 0.00%, 37, 7, 8, 67.14, 3497358, 139
46037, 20, 28, 129, 52, 0, 0.00%, 37, 7, 8, 287.55, 3499106, 139
46042, 20, 28, 129, 52, 0, 0.00%, 37, 7, 8, 469.59, 3500773, 139
46047, 20, 7, 129, 52, 0, 0.00%, 37, 7, 8, 110.09, 3502970, 139
46052, 20, 29, 129, 52, 0, 0.00%, 37, 7, 8, 490.55, 3505752, 139
46058, 20, 38, 129, 52, 0, 0.00%, 37, 7, 8, 609.32, 3508807, 139
46063, 20, 41, 129, 52, 0, 0.00%, 37, 7, 8, 83.02, 3511852, 139
46068, 20, 7, 129, 52, 0, 0.00%, 37, 7, 8, 259.33, 3513398, 139
46073, 20, 116, 129, 52, 0, 0.00%, 37, 7, 8, 377.74, 3515193, 139
46078, 20, 7, 129, 52, 0, 0.00%, 37, 7, 8, 582.86, 3518420, 139
46083, 20, 79, 129, 52, 0, 0.00%, 37, 7, 8, 297.93, 3520959, 139
46088, 20, 79, 129, 52, 0, 0.00%, 37, 7, 8, 628.04, 3523551, 139
46094, 20, 28, 129, 52, 0, 0.00%, 37, 7, 8, 626.84, 3525513, 139
46099, 20, 53, 129, 52, 0, 0.00%, 37, 7, 8, 174.60, 3528209, 139
46104, 20, 67, 129, 52, 0, 0.00%, 37, 7, 8, 102.94, 3530611, 139
46109, 20, 28, 129, 52, 0, 0.00%, 37, 7, 8, 60.00, 3532396, 139
46114, 20, 28, 129, 52, 0, 0.00%, 37, 7, 8, 326.12, 3533858, 139
46119, 20, 67, 129, 52, 0, 0.00%, 37, 7, 8, 640.10, 3536192, 139
46124, 20, 7, 129, 52, 0, 0.00%, 37, 7, 8, 338.31, 3538645, 139
46129, 20, 28, 129, 52, 0, 0.00%, 37, 7, 8, 603.26, 3541374, 139
46134, 20, 71, 129, 52, 0, 0.00%, 37, 7, 8, 214.65, 3543633, 139
46140, 20, 46, 129, 52, 0, 0.00%, 37, 7, 8, 366.93, 3545534, 139
46145, 20, 68, 129, 52, 0, 0.00%, 37, 7, 8, 635.00, 3548055, 139
46150, 20, 27, 129, 52, 0, 0.00%, 37, 7, 8, 87.38, 3550203, 139
46155, 20, 7, 129, 52, 0, 0.00%, 37, 7, 8, 420.35, 3552501, 139
46160, 20, 116, 129, 52, 0, 0.00%, 37, 7, 8, 513.40, 3555264, 139
46165, 20, 116, 129, 52, 0, 0.00%, 37, 7, 8, 395.13, 3557055, 139
46170, 20, 38, 129, 52, 0, 0.00%, 37, 7, 8, 583.38, 3559737, 139
46175, 20, 7, 129, 52, 0, 0.00%, 37, 7, 8, 500.01, 3562606, 139
46180, 20, 9, 129, 52, 0, 0.00%, 37, 7, 8, 424.38, 3563985, 139
46185, 20, 28, 129, 52, 0, 0.00%, 37, 7, 8, 646.19, 3566534, 139
46190, 20, 88, 129, 52, 0, 0.00%, 37, 7, 8, 216.08, 3568648, 139
46196, 20, 84, 129, 52, 0, 0.00%, 37, 7, 8, 99.24, 3571080, 139
46201, 20, 28, 129, 52, 0, 0.00%, 37, 7, 8, 565.74, 3573631, 139
46206, 20, 7, 129, 52, 0, 0.00%, 37, 7, 8, 576.68, 3576554, 139
46211, 20, 41, 129, 52, 0, 0.00%, 37, 7, 8, 545.18, 3579238, 139
46216, 20, 40, 129, 52, 0, 0.00%, 37, 7, 8, 217.59, 3581014, 139
46221, 20, 29, 129, 52, 0, 0.00%, 37, 7, 8, 372.67, 3583053, 139
46226, 20, 38, 129, 52, 0, 0.00%, 37, 7, 8, 435.21, 3585254, 139
46231, 20, 38, 129, 52, 0, 0.00%, 37, 7, 8, 642.19, 3588125, 139
46236, 20, 38, 129, 52, 0, 0.00%, 37, 7, 8, 678.16, 3591589, 139
46241, 20, 28, 129, 52, 0, 0.00%, 37, 7, 8, 184.57, 3593819, 139
46247, 20, 67, 129, 52, 0, 0.00%, 37, 7, 8, 468.93, 3596200, 139
46252, 20, 116, 129, 52, 0, 0.00%, 37, 7, 8, 639.94, 3599805, 139
46257, 20, 28, 129, 52, 0, 0.00%, 37, 7, 8, 687.45, 3603354, 139
46262, 20, 28, 129, 52, 0, 0.00%, 37, 7, 8, 173.39, 3605400, 139
46267, 20, 28, 129, 52, 0, 0.00%, 37, 7, 8, 495.00, 3608244, 139
46272, 20, 28, 129, 52, 0, 0.00%, 37, 7, 8, 634.82, 3611795, 139
46277, 20, 28, 129, 52, 0, 0.00%, 37, 7, 8, 400.41, 3613614, 139
46282, 20, 28, 129, 52, 0, 0.00%, 37, 7, 8, 571.15, 3616586, 139
46288, 20, 28, 129, 52, 0, 0.00%, 37, 7, 8, 671.64, 3619112, 139
46293, 20, 116, 129, 52, 0, 0.00%, 37, 7, 8, 615.39, 3622059, 139
46298, 20, 76, 129, 51, 0, 0.00%, 37, 7, 8, 263.07, 3624202, 139
46303, 20, 76, 129, 51, 0, 0.00%, 37, 7, 8, 583.81, 3627503, 139
46308, 20, 46, 129, 51, 0, 0.00%, 37, 7, 8, 231.99, 3629690, 139
46313, 20, 116, 129, 51, 0, 0.00%, 37, 7, 8, 68.03, 3632451, 139
46318, 20, 116, 129, 51, 0, 0.00%, 37, 7, 8, 328.57, 3634500, 139
46323, 20, 77, 129, 51, 0, 0.00%, 37, 7, 8, 693.41, 3636713, 139
46328, 20, 7, 129, 51, 0, 0.00%, 37, 7, 8, 668.23, 3639433, 139
46333, 21, 28, 129, 51, 0, 0.00%, 37, 7, 8, 659.75, 3641690, 139
46339, 21, 28, 129, 51, 0, 0.00%, 37, 7, 8, 295.69, 3643550, 139
46344, 21, 116, 129, 51, 0, 0.00%, 37, 7, 8, 530.16, 3646261, 139
46349, 21, 38, 129, 51, 0, 0.00%, 37, 7, 8, 278.44, 3648564, 139
46354, 21, 84, 129, 51, 0, 0.00%, 37, 7, 8, 528.32, 3650962, 139
46359, 21, 80, 129, 51, 0, 0.00%, 37, 7, 8, 133.74, 3653263, 139
46364, 21, 28, 129, 51, 0, 0.00%, 37, 7, 8, 356.10, 3655134, 139
46369, 21, 88, 129, 51, 0, 0.00%, 37, 7, 8, 589.57, 3657419, 139
46375, 21, 67, 129, 51, 0, 0.00%, 37, 7, 8, 365.61, 3659465, 139
46380, 21, 45, 129, 51, 0, 0.00%, 37, 7, 8, 75.91, 3662216, 139
46385, 21, 67, 129, 51, 0, 0.00%, 37, 7, 8, 673.09, 3663835, 139
46390, 21, 7, 129, 51, 0, 0.00%, 37, 7, 8, 60.84, 3666201, 139
46395, 21, 28, 129, 51, 0, 0.00%, 37, 7, 8, 486.13, 3667937, 139
46401, 21, 94, 129, 51, 0, 0.00%, 37, 7, 8, 427.90, 3669944, 139
46406, 21, 84, 129, 50, 0, 0.00%, 37, 7, 8, 629.13, 3672668, 139
46411, 21, 28, 129, 50, 0, 0.00%, 37, 7, 8, 676.05, 3676291, 139
46416, 21, 7, 129, 50, 0, 0.00%, 37, 7, 8, 711.44, 3679311, 139
46421, 21, 28, 129, 50, 0, 0.00%, 37, 7, 8, 675.63, 3682238, 139
46426, 21, 28, 129, 50, 0, 0.00%, 37, 7, 8, 672.01, 3684719, 139
46431, 21, 28, 129, 50, 0, 0.00%, 37, 7, 8, 465.00, 3687297, 139
46436, 21, 7, 129, 50, 0, 0.00%, 37, 7, 8, 425.20, 3689220, 139
46441, 21, 38, 129, 50, 0, 0.00%, 37, 7, 8, 653.58, 3692056, 139
46446, 21, 38, 129, 50, 0, 0.00%, 37, 7, 8, 589.82, 3694866, 139
46452, 21, 28, 129, 50, 0, 0.00%, 37, 7, 8, 109.95, 3696859, 139
46457, 21, 46, 129, 50, 0, 0.00%, 37, 7, 8, 439.37, 3698859, 139
46462, 21, 28, 129, 50, 0, 0.00%, 37, 7, 8, 220.92, 3700597, 139
46467, 21, 28, 129, 50, 0, 0.00%, 37, 7, 8, 281.25, 3702135, 139
46472, 21, 28, 129, 50, 0, 0.00%, 37, 7, 8, 638.61, 3704905, 139
46477, 21, 7, 129, 50, 0, 0.00%, 37, 7, 8, 444.02, 3706543, 139
46482, 21, 38, 129, 50, 0, 0.00%, 37, 7, 8, 644.41, 3709651, 139
46487, 21, 82, 129, 50, 0, 0.00%, 37, 7, 8, 241.66, 3711995, 139
