# relative_time, cycles_done, cur_item, corpus_count, pending_total, pending_favs, map_size, saved_crashes, saved_hangs, max_depth, execs_per_sec, total_execs, edges_found
61, 0, 1, 41, 39, 3, 0.00%, 0, 0, 2, 141.57, 10800, 100
66, 0, 1, 41, 39, 3, 0.00%, 0, 0, 2, 160.31, 11584, 100
71, 0, 1, 41, 39, 3, 0.00%, 0, 0, 2, 151.20, 12348, 100
76, 0, 1, 41, 39, 3, 0.00%, 0, 0, 2, 158.10, 13117, 100
81, 0, 1, 41, 39, 3, 0.00%, 0, 0, 2, 125.83, 13722, 100
86, 0, 1, 41, 39, 3, 0.00%, 0, 0, 2, 134.76, 14404, 100
91, 0, 1, 41, 39, 3, 0.00%, 0, 0, 2, 128.88, 15008, 100
96, 0, 1, 41, 39, 3, 0.00%, 0, 0, 2, 140.11, 15726, 100
101, 0, 1, 41, 39, 3, 0.00%, 0, 0, 2, 130.06, 16374, 100
106, 0, 1, 41, 39, 3, 0.00%, 0, 0, 2, 144.96, 17128, 100
111, 0, 1, 41, 39, 3, 0.00%, 0, 0, 2, 141.41, 17806, 100
117, 0, 1, 42, 40, 3, 0.00%, 0, 0, 2, 120.31, 18378, 100
122, 0, 1, 42, 40, 3, 0.00%, 0, 0, 2, 119.94, 18984, 100
127, 0, 1, 42, 40, 3, 0.00%, 0, 0, 2, 154.05, 19797, 100
132, 0, 1, 42, 40, 3, 0.00%, 0, 0, 2, 131.21, 20402, 100
137, 0, 1, 42, 40, 3, 0.00%, 0, 0, 2, 120.50, 21036, 100
142, 0, 1, 42, 40, 3, 0.00%, 0, 0, 2, 120.41, 21628, 100
147, 0, 1, 42, 40, 3, 0.00%, 0, 0, 2, 126.44, 22279, 100
152, 0, 1, 42, 40, 3, 0.00%, 0, 0, 2, 134.40, 22939, 100
157, 0, 1, 42, 40, 3, 0.00%, 0, 0, 2, 147.37, 23662, 100
162, 0, 1, 43, 41, 3, 0.00%, 0, 0, 2, 114.89, 24195, 100
167, 0, 1, 44, 42, 3, 0.00%, 0, 0, 2, 114.11, 24785, 102
172, 0, 1, 44, 42, 3, 0.00%, 0, 0, 2, 119.12, 25419, 102
177, 0, 1, 44, 42, 3, 0.00%, 0, 0, 2, 137.81, 26125, 102
183, 0, 1, 44, 42, 3, 0.00%, 0, 0, 2, 123.52, 26737, 102
188, 0, 1, 44, 42, 3, 0.00%, 0, 0, 2, 118.35, 27327, 102
193, 0, 1, 44, 42, 3, 0.00%, 0, 0, 2, 110.77, 27875, 102
198, 0, 1, 44, 42, 3, 0.00%, 0, 0, 2, 148.05, 28633, 102
203, 0, 1, 44, 42, 3, 0.00%, 0, 0, 2, 124.05, 29291, 102
208, 0, 1, 44, 42, 3, 0.00%, 0, 0, 2, 107.78, 29837, 102
213, 0, 1, 44, 42, 3, 0.00%, 0, 0, 2, 138.10, 30567, 102
218, 0, 1, 44, 42, 3, 0.00%, 0, 0, 2, 132.97, 31239, 102
223, 0, 1, 44, 42, 3, 0.00%, 0, 0, 2, 133.52, 31931, 102
229, 0, 1, 44, 42, 3, 0.00%, 0, 0, 2, 116.82, 32523, 102
234, 0, 1, 44, 42, 3, 0.00%, 0, 0, 2, 111.91, 33133, 102
239, 0, 35, 44, 41, 18, 0.00%, 0, 0, 2, 112.74, 33688, 102
244, 0, 35, 44, 41, 18, 0.00%, 0, 0, 2, 132.49, 34439, 102
249, 0, 35, 45, 42, 18, 0.00%, 0, 0, 3, 119.98, 35043, 102
254, 0, 35, 45, 42, 18, 0.00%, 0, 0, 3, 144.45, 35775, 102
259, 0, 32, 45, 41, 17, 0.00%, 0, 0, 3, 118.52, 36396, 102
264, 0, 32, 45, 41, 17, 0.00%, 0, 0, 3, 108.48, 36935, 102
269, 0, 32, 45, 41, 17, 0.00%, 0, 0, 3, 157.93, 37723, 102
274, 0, 32, 45, 41, 17, 0.00%, 0, 0, 3, 147.54, 38439, 102
279, 0, 32, 45, 41, 17, 0.00%, 0, 0, 3, 127.89, 39070, 102
284, 0, 32, 45, 41, 17, 0.00%, 0, 0, 3, 143.14, 39792, 102
289, 0, 36, 45, 40, 16, 0.00%, 0, 0, 3, 137.55, 40488, 102
294, 0, 36, 45, 40, 16, 0.00%, 0, 0, 3, 127.79, 41112, 102
299, 0, 36, 45, 40, 16, 0.00%, 0, 0, 3, 126.43, 41798, 102
305, 0, 36, 45, 40, 16, 0.00%, 0, 0, 3, 134.28, 42480, 102
310, 0, 36, 45, 40, 16, 0.00%, 0, 0, 3, 122.60, 43078, 102
315, 0, 36, 46, 41, 16, 0.00%, 0, 0, 3, 153.09, 43875, 104
320, 0, 27, 46, 40, 15, 0.00%, 0, 0, 3, 132.63, 44509, 104
325, 0, 39, 46, 39, 14, 0.00%, 0, 0, 3, 126.73, 45164, 104
330, 0, 39, 47, 40, 14, 0.00%, 0, 0, 3, 129.69, 45812, 105
335, 0, 39, 49, 42, 14, 0.00%, 0, 0, 3, 131.22, 46483, 108
340, 0, 39, 50, 43, 14, 0.00%, 0, 0, 3, 116.76, 47087, 110
345, 0, 39, 51, 44, 14, 0.00%, 0, 0, 3, 135.88, 47801, 112
350, 0, 39, 51, 44, 14, 0.00%, 0, 0, 3, 141.42, 48503, 112
355, 0, 39, 53, 46, 14, 0.00%, 0, 0, 3, 135.68, 49217, 114
361, 0, 39, 53, 46, 14, 0.00%, 0, 0, 3, 146.10, 49991, 114
366, 0, 39, 53, 46, 14, 0.00%, 0, 0, 3, 130.82, 50639, 114
371, 0, 39, 53, 46, 14, 0.00%, 0, 0, 3, 129.90, 51299, 114
376, 0, 39, 53, 46, 14, 0.00%, 0, 0, 3, 122.30, 51937, 114
381, 0, 39, 53, 46, 14, 0.00%, 0, 0, 3, 126.05, 52578, 114
386, 0, 39, 53, 46, 14, 0.00%, 0, 0, 3, 140.80, 53288, 114
391, 0, 39, 53, 46, 14, 0.00%, 0, 0, 3, 142.27, 53994, 114
396, 0, 39, 53, 46, 14, 0.00%, 0, 0, 3, 126.57, 54612, 114
401, 0, 39, 53, 46, 14, 0.00%, 0, 0, 3, 144.91, 55372, 114
406, 0, 39, 53, 46, 14, 0.00%, 0, 0, 3, 141.31, 56090, 114
411, 0, 39, 53, 46, 14, 0.00%, 0, 0, 3, 140.14, 56844, 114
416, 0, 39, 53, 46, 14, 0.00%, 0, 0, 3, 107.29, 57392, 114
421, 0, 39, 53, 46, 14, 0.00%, 0, 0, 3, 137.59, 58128, 114
426, 0, 39, 53, 46, 14, 0.00%, 0, 0, 3, 137.27, 58804, 114
431, 0, 39, 53, 46, 14, 0.00%, 0, 0, 3, 150.20, 59538, 114
436, 0, 39, 53, 46, 14, 0.00%, 0, 0, 3, 128.70, 60154, 114
442, 0, 39, 53, 46, 14, 0.00%, 0, 0, 3, 137.23, 60866, 114
447, 0, 39, 53, 46, 14, 0.00%, 0, 0, 3, 136.13, 61504, 114
452, 0, 39, 53, 46, 14, 0.00%, 0, 0, 3, 110.36, 62011, 114
457, 0, 39, 53, 46, 14, 0.00%, 0, 0, 3, 147.49, 62741, 114
462, 0, 39, 53, 46, 14, 0.00%, 0, 0, 3, 155.40, 63573, 114
467, 0, 39, 53, 46, 14, 0.00%, 0, 0, 3, 144.22, 64307, 114
472, 0, 39, 53, 46, 14, 0.00%, 0, 0, 3, 132.45, 64943, 114
477, 0, 39, 53, 46, 14, 0.00%, 0, 0, 3, 142.77, 65703, 114
482, 0, 39, 53, 46, 14, 0.00%, 0, 0, 3, 131.13, 66341, 114
487, 0, 39, 53, 46, 14, 0.00%, 0, 0, 3, 138.57, 67115, 114
492, 0, 39, 53, 46, 14, 0.00%, 0, 0, 3, 154.04, 67890, 114
497, 0, 39, 54, 47, 14, 0.00%, 0, 0, 3, 132.86, 68527, 114
502, 0, 39, 54, 47, 14, 0.00%, 0, 0, 3, 133.38, 69193, 114
507, 0, 39, 54, 47, 14, 0.00%, 0, 0, 3, 129.81, 69859, 114
513, 0, 39, 54, 47, 14, 0.00%, 0, 0, 3, 128.90, 70545, 114
518, 0, 39, 54, 47, 14, 0.00%, 0, 0, 3, 152.03, 71306, 114
523, 0, 39, 54, 47, 14, 0.00%, 0, 0, 3, 127.92, 71928, 114
528, 0, 39, 54, 47, 14, 0.00%, 0, 0, 3, 139.86, 72658, 114
533, 0, 39, 54, 47, 14, 0.00%, 0, 0, 3, 149.00, 73392, 114
538, 0, 39, 54, 47, 14, 0.00%, 0, 0, 3, 147.36, 74154, 114
543, 0, 39, 54, 47, 14, 0.00%, 0, 0, 3, 121.20, 74770, 114
548, 0, 39, 54, 47, 14, 0.00%, 0, 0, 3, 125.74, 75404, 114
553, 0, 39, 54, 47, 14, 0.00%, 0, 0, 3, 140.59, 76136, 114
558, 0, 39, 54, 47, 14, 0.00%, 0, 0, 3, 117.35, 76748, 114
563, 0, 39, 54, 47, 14, 0.00%, 0, 0, 3, 123.07, 77378, 114
568, 0, 39, 54, 47, 14, 0.00%, 0, 0, 3, 127.07, 78055, 114
574, 0, 39, 54, 47, 14, 0.00%, 0, 0, 3, 145.88, 78819, 114
579, 0, 37, 54, 46, 18, 0.00%, 0, 0, 3, 149.42, 79603, 114
584, 0, 37, 54, 46, 18, 0.00%, 0, 0, 3, 149.69, 80380, 114
589, 0, 37, 54, 46, 18, 0.00%, 0, 0, 3, 138.75, 81085, 114
594, 0, 17, 54, 44, 16, 0.00%, 0, 0, 3, 131.17, 81755, 114
599, 0, 48, 54, 42, 14, 0.00%, 0, 0, 3, 135.73, 82393, 114
604, 0, 48, 54, 42, 14, 0.00%, 0, 0, 3, 144.01, 83107, 114
609, 0, 48, 54, 42, 14, 0.00%, 0, 0, 3, 130.09, 83755, 114
614, 0, 48, 54, 42, 14, 0.00%, 0, 0, 3, 135.00, 84487, 114
619, 0, 6, 54, 41, 13, 0.00%, 0, 0, 3, 147.87, 85297, 114
624, 0, 51, 54, 40, 12, 0.00%, 0, 0, 3, 146.48, 86003, 114
629, 0, 24, 54, 39, 11, 0.00%, 0, 0, 3, 134.27, 86674, 114
634, 0, 40, 54, 38, 10, 0.00%, 0, 0, 3, 137.27, 87381, 114
639, 0, 40, 54, 38, 10, 0.00%, 0, 0, 3, 155.09, 88176, 114
645, 0, 40, 54, 38, 10, 0.00%, 0, 0, 3, 140.43, 88849, 114
650, 0, 46, 54, 37, 9, 0.00%, 0, 0, 3, 167.42, 89722, 114
655, 0, 16, 54, 36, 8, 0.00%, 0, 0, 3, 149.51, 90488, 114
660, 0, 47, 54, 35, 7, 0.00%, 0, 0, 3, 139.57, 91198, 114
665, 0, 47, 54, 35, 7, 0.00%, 0, 0, 3, 135.28, 91900, 114
670, 0, 47, 54, 35, 7, 0.00%, 0, 0, 3, 142.73, 92664, 114
675, 0, 38, 54, 34, 6, 0.00%, 0, 0, 3, 136.71, 93331, 114
680, 0, 12, 54, 33, 5, 0.00%, 0, 0, 3, 129.85, 93979, 114
685, 0, 12, 54, 33, 5, 0.00%, 0, 0, 3, 143.33, 94707, 114
690, 0, 39, 54, 32, 4, 0.00%, 0, 0, 3, 130.03, 95406, 114
695, 0, 39, 54, 32, 4, 0.00%, 0, 0, 3, 123.28, 96034, 114
701, 0, 45, 54, 32, 4, 0.00%, 0, 0, 3, 136.84, 96765, 114
706, 0, 24, 54, 31, 3, 0.00%, 0, 0, 3, 152.35, 97554, 114
711, 0, 24, 54, 31, 3, 0.00%, 0, 0, 3, 181.29, 98523, 114
716, 0, 24, 54, 31, 3, 0.00%, 0, 0, 3, 150.90, 99277, 114
721, 0, 24, 54, 31, 3, 0.00%, 0, 0, 3, 158.19, 100063, 114
726, 0, 24, 54, 31, 3, 0.00%, 0, 0, 3, 126.60, 100687, 114
731, 0, 24, 54, 31, 3, 0.00%, 0, 0, 3, 148.17, 101449, 114
736, 0, 24, 54, 31, 3, 0.00%, 0, 0, 3, 133.44, 102079, 114
741, 0, 32, 54, 31, 3, 0.00%, 0, 0, 3, 162.83, 102933, 114
747, 0, 32, 54, 31, 3, 0.00%, 0, 0, 3, 177.02, 103737, 114
752, 0, 32, 54, 31, 3, 0.00%, 0, 0, 3, 140.05, 104385, 114
757, 0, 32, 54, 31, 3, 0.00%, 0, 0, 3, 154.09, 105147, 114
762, 0, 32, 54, 31, 3, 0.00%, 0, 0, 3, 139.59, 105857, 114
767, 0, 32, 54, 31, 3, 0.00%, 0, 0, 3, 175.26, 106710, 114
772, 0, 32, 54, 31, 3, 0.00%, 0, 0, 3, 155.59, 107484, 114
777, 0, 32, 54, 31, 3, 0.00%, 0, 0, 3, 107.40, 108018, 114
782, 0, 32, 54, 31, 3, 0.00%, 0, 0, 3, 139.86, 108726, 114
787, 0, 32, 54, 31, 3, 0.00%, 0, 0, 3, 137.82, 109404, 114
792, 0, 32, 54, 31, 3, 0.00%, 0, 0, 3, 145.36, 110086, 114
797, 0, 32, 54, 31, 3, 0.00%, 0, 0, 3, 145.21, 110834, 114
803, 0, 32, 54, 31, 3, 0.00%, 0, 0, 3, 134.77, 111482, 114
808, 0, 32, 54, 31, 3, 0.00%, 0, 0, 3, 153.50, 112299, 114
813, 0, 32, 54, 31, 3, 0.00%, 0, 0, 3, 146.17, 113014, 114
818, 0, 32, 54, 31, 3, 0.00%, 0, 0, 3, 142.42, 113797, 114
823, 0, 32, 54, 31, 3, 0.00%, 0, 0, 3, 135.73, 114441, 114
828, 0, 32, 54, 31, 3, 0.00%, 0, 0, 3, 150.54, 115242, 114
833, 0, 32, 54, 31, 3, 0.00%, 0, 0, 3, 122.37, 115834, 114
838, 0, 32, 55, 32, 3, 0.00%, 0, 0, 3, 139.33, 116580, 116
843, 0, 32, 55, 32, 3, 0.00%, 0, 0, 3, 161.32, 117390, 116
848, 0, 32, 55, 32, 3, 0.00%, 0, 0, 3, 146.96, 118124, 116
853, 0, 49, 55, 32, 4, 0.00%, 0, 0, 3, 147.35, 118877, 116
858, 0, 20, 55, 31, 3, 0.00%, 0, 0, 3, 131.56, 119485, 116
863, 0, 13, 55, 30, 3, 0.00%, 0, 0, 3, 134.25, 120144, 116
868, 0, 35, 55, 29, 3, 0.00%, 0, 0, 3, 128.39, 120748, 116
873, 0, 35, 55, 29, 3, 0.00%, 0, 0, 3, 159.38, 121588, 116
879, 0, 43, 55, 29, 3, 0.00%, 0, 0, 3, 144.43, 122277, 116
884, 0, 0, 55, 28, 2, 0.00%, 0, 0, 3, 158.37, 123055, 116
889, 0, 54, 55, 27, 1, 0.00%, 0, 0, 3, 148.82, 123778, 116
894, 0, 54, 57, 29, 1, 0.00%, 0, 0, 4, 127.80, 124422, 120
899, 0, 54, 57, 29, 1, 0.00%, 0, 0, 4, 137.73, 125118, 120
904, 0, 55, 57, 28, 2, 0.00%, 0, 0, 4, 137.69, 125835, 120
909, 0, 55, 57, 28, 2, 0.00%, 0, 0, 4, 132.98, 126523, 120
914, 0, 56, 57, 27, 1, 0.00%, 0, 0, 4, 164.05, 127354, 120
919, 0, 56, 57, 27, 1, 0.00%, 0, 0, 4, 158.30, 128163, 120
924, 0, 46, 57, 26, 0, 0.00%, 0, 0, 4, 130.42, 128812, 120
930, 0, 32, 57, 26, 0, 0.00%, 0, 0, 4, 162.87, 129613, 120
935, 0, 32, 57, 26, 0, 0.00%, 0, 0, 4, 195.90, 130612, 120
940, 0, 32, 57, 26, 0, 0.00%, 0, 0, 4, 225.30, 131817, 120
945, 0, 32, 57, 26, 0, 0.00%, 0, 0, 4, 203.27, 132793, 120
950, 0, 32, 57, 26, 0, 0.00%, 0, 0, 4, 218.37, 133843, 120
955, 0, 32, 57, 26, 0, 0.00%, 0, 0, 4, 417.05, 136291, 120
960, 0, 32, 57, 26, 0, 0.00%, 0, 0, 4, 414.73, 138118, 120
965, 0, 32, 57, 26, 0, 0.00%, 0, 0, 4, 282.03, 139386, 120
971, 0, 32, 57, 26, 0, 0.00%, 0, 0, 4, 388.89, 141611, 120
976, 0, 32, 58, 27, 0, 0.00%, 0, 0, 4, 400.65, 143787, 120
981, 0, 57, 62, 31, 1, 0.00%, 0, 0, 4, 374.43, 145699, 120
986, 0, 57, 62, 31, 1, 0.00%, 0, 0, 4, 443.98, 148028, 120
991, 0, 57, 63, 32, 1, 0.00%, 1, 0, 4, 326.06, 149628, 120
996, 0, 57, 63, 32, 1, 0.00%, 1, 0, 4, 248.85, 150652, 120
1001, 0, 57, 63, 32, 1, 0.00%, 2, 0, 4, 225.07, 151920, 120
1006, 0, 57, 63, 32, 1, 0.00%, 2, 0, 4, 206.57, 152884, 120
1011, 0, 57, 63, 32, 1, 0.00%, 2, 0, 4, 285.40, 154361, 120
1016, 0, 57, 63, 32, 1, 0.00%, 2, 0, 4, 235.49, 155472, 120
1021, 0, 57, 63, 32, 1, 0.00%, 2, 0, 4, 262.49, 156861, 120
1026, 0, 57, 63, 32, 1, 0.00%, 3, 0, 4, 231.82, 157988, 120
1032, 0, 57, 63, 32, 1, 0.00%, 3, 0, 4, 232.97, 159184, 120
1037, 0, 57, 63, 32, 1, 0.00%, 3, 0, 4, 238.80, 160444, 120
1042, 0, 57, 63, 32, 1, 0.00%, 3, 0, 4, 205.45, 161427, 120
1047, 0, 57, 63, 32, 1, 0.00%, 3, 0, 4, 268.06, 162816, 120
1052, 0, 57, 63, 32, 1, 0.00%, 3, 0, 4, 321.46, 164394, 120
1057, 0, 57, 63, 32, 1, 0.00%, 4, 0, 4, 250.17, 165651, 120
1062, 0, 57, 63, 32, 1, 0.00%, 4, 0, 4, 236.05, 166812, 120
1067, 0, 57, 63, 32, 1, 0.00%, 4, 0, 4, 202.41, 167715, 120
1072, 0, 57, 63, 32, 1, 0.00%, 4, 0, 4, 198.83, 168708, 120
1077, 0, 57, 63, 32, 1, 0.00%, 4, 0, 4, 282.19, 170166, 120
1083, 0, 39, 63, 31, 0, 0.00%, 4, 0, 4, 210.88, 171160, 120
1088, 0, 39, 63, 31, 0, 0.00%, 4, 0, 4, 226.13, 172324, 120
1093, 0, 32, 63, 31, 0, 0.00%, 4, 0, 4, 215.29, 173357, 120
1098, 0, 32, 63, 31, 0, 0.00%, 6, 0, 4, 235.25, 174577, 120
1103, 0, 32, 63, 31, 0, 0.00%, 6, 0, 4, 239.42, 175837, 120
1108, 0, 32, 63, 31, 0, 0.00%, 6, 0, 4, 245.70, 177151, 120
1113, 0, 32, 63, 31, 0, 0.00%, 6, 0, 4, 336.27, 178450, 120
1118, 0, 32, 63, 31, 0, 0.00%, 6, 0, 4, 308.08, 180031, 120
1123, 0, 32, 63, 31, 0, 0.00%, 6, 0, 4, 234.37, 181073, 120
1129, 0, 32, 63, 31, 0, 0.00%, 6, 0, 4, 294.72, 182716, 120
1134, 0, 39, 63, 31, 0, 0.00%, 6, 0, 4, 301.30, 184183, 120
1139, 0, 39, 63, 31, 0, 0.00%, 6, 0, 4, 56.45, 185282, 120
1144, 0, 57, 63, 31, 0, 0.00%, 6, 0, 4, 388.32, 186932, 120
1149, 0, 36, 63, 31, 0, 0.00%, 6, 0, 4, 311.37, 188403, 120
1154, 0, 36, 63, 31, 0, 0.00%, 6, 0, 4, 197.64, 189320, 120
1159, 0, 36, 63, 31, 0, 0.00%, 6, 0, 4, 244.58, 190634, 120
1165, 0, 32, 63, 31, 0, 0.00%, 6, 0, 4, 233.01, 191895, 120
1170, 0, 32, 63, 31, 0, 0.00%, 6, 0, 4, 224.16, 193015, 120
1175, 0, 32, 63, 31, 0, 0.00%, 6, 0, 4, 234.99, 194269, 120
1180, 0, 32, 63, 31, 0, 0.00%, 6, 0, 4, 266.45, 195602, 120
1185, 0, 32, 63, 31, 0, 0.00%, 6, 0, 4, 235.61, 196900, 120
1190, 0, 32, 63, 31, 0, 0.00%, 6, 0, 4, 213.12, 198031, 120
1195, 0, 57, 63, 31, 0, 0.00%, 6, 0, 4, 256.30, 199347, 120
1200, 0, 57, 63, 31, 0, 0.00%, 6, 0, 4, 185.85, 200154, 120
1206, 0, 57, 63, 31, 0, 0.00%, 6, 0, 4, 267.43, 201573, 120
1211, 0, 43, 63, 31, 0, 0.00%, 6, 0, 4, 284.04, 202998, 120
1216, 0, 36, 63, 31, 0, 0.00%, 6, 0, 4, 279.72, 204478, 120
1221, 0, 36, 63, 31, 0, 0.00%, 6, 0, 4, 245.20, 205801, 120
1226, 0, 36, 63, 31, 0, 0.00%, 6, 0, 4, 280.93, 207256, 120
1231, 0, 32, 63, 31, 0, 0.00%, 6, 0, 4, 260.16, 208441, 120
1236, 0, 32, 63, 31, 0, 0.00%, 6, 0, 4, 256.64, 209709, 120
1241, 0, 32, 63, 31, 0, 0.00%, 6, 0, 4, 269.16, 211024, 120
1247, 0, 32, 63, 31, 0, 0.00%, 6, 0, 4, 270.47, 212339, 120
1252, 0, 32, 63, 31, 0, 0.00%, 6, 0, 4, 307.87, 213890, 120
1257, 0, 32, 63, 31, 0, 0.00%, 6, 0, 4, 263.58, 215227, 120
1262, 0, 32, 63, 31, 0, 0.00%, 6, 0, 4, 235.31, 216452, 120
1267, 0, 32, 63, 31, 0, 0.00%, 6, 0, 4, 223.58, 217517, 120
1272, 0, 32, 63, 31, 0, 0.00%, 6, 0, 4, 295.88, 219131, 120
1277, 0, 32, 63, 31, 0, 0.00%, 6, 0, 4, 279.42, 220535, 120
1283, 0, 32, 63, 31, 0, 0.00%, 6, 0, 4, 242.94, 221848, 120
1288, 0, 32, 63, 31, 0, 0.00%, 6, 0, 4, 288.33, 223448, 120
1293, 0, 32, 63, 31, 0, 0.00%, 6, 0, 4, 247.36, 224684, 120
1298, 0, 32, 65, 33, 0, 0.00%, 6, 0, 4, 235.29, 225849, 122
1303, 0, 32, 65, 33, 0, 0.00%, 6, 0, 4, 289.08, 227282, 122
1308, 0, 45, 65, 33, 1, 0.00%, 6, 0, 4, 238.09, 228432, 122
1313, 0, 32, 65, 33, 1, 0.00%, 6, 0, 4, 276.11, 229967, 122
1319, 0, 32, 65, 33, 1, 0.00%, 6, 0, 4, 202.49, 230969, 122
1324, 0, 32, 65, 33, 1, 0.00%, 6, 0, 4, 243.58, 232200, 122
1329, 0, 57, 65, 33, 1, 0.00%, 6, 0, 4, 278.92, 233690, 122
1334, 0, 57, 65, 33, 1, 0.00%, 6, 0, 4, 256.78, 234849, 122
1339, 0, 63, 69, 37, 1, 0.00%, 7, 0, 4, 217.07, 235914, 130
1344, 0, 63, 70, 38, 1, 0.00%, 7, 0, 4, 252.81, 237287, 132
1349, 0, 63, 71, 39, 1, 0.00%, 7, 0, 4, 209.44, 238361, 134
1354, 0, 63, 71, 39, 1, 0.00%, 7, 0, 4, 239.80, 239473, 134
1360, 0, 63, 71, 39, 1, 0.00%, 7, 0, 4, 195.11, 240314, 134
1365, 0, 63, 71, 39, 1, 0.00%, 7, 0, 4, 214.80, 241437, 134
1370, 0, 63, 71, 39, 1, 0.00%, 7, 0, 4, 210.41, 242465, 134
1375, 0, 63, 71, 39, 1, 0.00%, 8, 0, 4, 224.89, 243681, 134
1380, 0, 63, 71, 39, 1, 0.00%, 8, 0, 4, 295.75, 244889, 134
1385, 0, 63, 71, 39, 1, 0.00%, 8, 0, 4, 297.25, 246395, 134
1390, 0, 63, 71, 39, 1, 0.00%, 8, 0, 4, 277.23, 247691, 134
1396, 0, 63, 71, 39, 1, 0.00%, 8, 0, 4, 259.28, 248951, 134
1401, 0, 63, 71, 39, 1, 0.00%, 8, 0, 4, 300.74, 250516, 134
1406, 0, 63, 71, 39, 1, 0.00%, 9, 0, 4, 218.05, 251533, 134
1411, 0, 63, 71, 39, 1, 0.00%, 10, 0, 4, 263.87, 252841, 134
1416, 0, 63, 71, 39, 1, 0.00%, 10, 0, 4, 168.94, 253622, 134
1421, 0, 63, 72, 40, 1, 0.00%, 10, 0, 4, 201.96, 254629, 135
1426, 0, 63, 72, 40, 1, 0.00%, 10, 0, 4, 235.10, 255873, 135
1431, 0, 63, 72, 40, 1, 0.00%, 10, 0, 4, 266.72, 257289, 135
1437, 0, 63, 72, 40, 1, 0.00%, 10, 0, 4, 294.10, 258835, 135
1442, 0, 63, 72, 40, 1, 0.00%, 10, 0, 4, 253.64, 260049, 135
1447, 0, 66, 73, 40, 7, 0.00%, 10, 0, 5, 208.34, 261130, 137
1452, 0, 66, 73, 40, 7, 0.00%, 10, 0, 5, 230.68, 262334, 137
1457, 0, 66, 73, 40, 7, 0.00%, 10, 0, 5, 246.35, 263574, 137
1462, 0, 65, 73, 39, 7, 0.00%, 10, 0, 5, 233.82, 264781, 137
1467, 0, 65, 73, 39, 7, 0.00%, 10, 0, 5, 265.00, 266176, 137
1472, 0, 65, 73, 39, 7, 0.00%, 10, 0, 5, 213.34, 267213, 137
1477, 0, 70, 73, 38, 6, 0.00%, 11, 0, 5, 283.33, 268683, 137
1483, 0, 70, 73, 38, 6, 0.00%, 11, 0, 5, 229.95, 269679, 137
1488, 0, 70, 73, 38, 6, 0.00%, 11, 0, 5, 266.52, 270948, 137
1493, 0, 70, 73, 38, 6, 0.00%, 11, 0, 5, 256.61, 272176, 137
1498, 0, 70, 73, 38, 6, 0.00%, 11, 0, 5, 303.19, 273900, 137
1503, 0, 70, 73, 38, 6, 0.00%, 11, 0, 5, 390.72, 274948, 137
1508, 0, 32, 73, 37, 5, 0.00%, 11, 0, 5, 238.18, 275976, 137
1514, 0, 32, 73, 37, 5, 0.00%, 11, 0, 5, 243.67, 277248, 137
1519, 0, 32, 73, 37, 5, 0.00%, 11, 0, 5, 219.32, 278419, 137
1524, 0, 68, 73, 37, 5, 0.00%, 12, 0, 5, 196.23, 279419, 137
1529, 0, 68, 73, 37, 5, 0.00%, 12, 0, 5, 232.54, 280681, 137
1534, 0, 69, 73, 36, 4, 0.00%, 13, 0, 5, 228.95, 281908, 137
1539, 0, 69, 73, 36, 4, 0.00%, 14, 0, 5, 187.85, 282795, 137
1544, 0, 69, 73, 36, 4, 0.00%, 14, 0, 5, 252.32, 284216, 137
1550, 0, 69, 73, 36, 4, 0.00%, 14, 0, 5, 255.51, 285461, 137
1555, 0, 67, 73, 35, 3, 0.00%, 14, 0, 5, 238.00, 286574, 137
1560, 0, 57, 73, 34, 2, 0.00%, 14, 0, 5, 251.90, 287811, 137
1565, 0, 57, 73, 34, 2, 0.00%, 14, 0, 5, 250.71, 289028, 137
1570, 0, 72, 73, 34, 2, 0.00%, 14, 0, 5, 261.56, 290523, 137
1575, 0, 72, 73, 34, 2, 0.00%, 15, 0, 5, 284.46, 291945, 137
1580, 0, 32, 73, 33, 1, 0.00%, 15, 0, 5, 304.61, 293596, 137
1585, 0, 32, 73, 33, 1, 0.00%, 15, 0, 5, 327.51, 295300, 137
1591, 0, 32, 73, 33, 1, 0.00%, 15, 0, 5, 301.82, 296797, 137
1596, 0, 32, 73, 33, 1, 0.00%, 15, 0, 5, 323.04, 298465, 137
1601, 0, 24, 73, 33, 1, 0.00%, 15, 0, 5, 375.32, 300321, 137
1606, 0, 71, 73, 33, 1, 0.00%, 15, 0, 5, 310.91, 301767, 137
1611, 0, 32, 73, 32, 0, 0.00%, 16, 0, 5, 532.01, 304444, 137
1616, 0, 37, 73, 32, 0, 0.00%, 16, 0, 5, 741.15, 308394, 137
1621, 0, 32, 73, 32, 0, 0.00%, 16, 0, 5, 737.26, 312240, 137
1626, 1, 66, 74, 33, 0, 0.00%, 16, 0, 5, 782.91, 316043, 137
1631, 1, 32, 74, 33, 0, 0.00%, 16, 0, 5, 792.87, 320311, 137
1636, 1, 32, 74, 33, 0, 0.00%, 16, 0, 5, 793.08, 324139, 137
1641, 1, 36, 74, 33, 0, 0.00%, 16, 0, 5, 749.15, 327868, 137
1647, 1, 32, 74, 33, 0, 0.00%, 16, 0, 5, 801.28, 332041, 137
1652, 1, 36, 75, 34, 0, 0.00%, 16, 0, 5, 749.87, 335653, 137
1657, 1, 24, 75, 34, 0, 0.00%, 16, 0, 5, 799.80, 339818, 137
1662, 1, 69, 75, 34, 0, 0.00%, 17, 0, 5, 776.93, 343674, 137
1667, 1, 57, 75, 34, 0, 0.00%, 17, 0, 5, 666.57, 346816, 137
1672, 1, 32, 75, 34, 0, 0.00%, 17, 0, 5, 765.67, 350765, 137
1677, 1, 32, 75, 34, 0, 0.00%, 17, 0, 5, 812.42, 354090, 137
1682, 1, 70, 75, 34, 0, 0.00%, 17, 0, 5, 382.99, 357048, 137
1687, 1, 70, 76, 35, 0, 0.00%, 17, 0, 5, 688.47, 360902, 137
1693, 1, 75, 77, 36, 1, 0.00%, 17, 0, 6, 649.38, 364312, 137
1698, 1, 75, 78, 37, 1, 0.00%, 17, 0, 6, 640.21, 367704, 137
1703, 1, 75, 78, 37, 1, 0.00%, 17, 0, 6, 714.47, 371378, 137
1708, 1, 75, 78, 37, 1, 0.00%, 17, 0, 6, 715.43, 375132, 137
1713, 1, 32, 79, 37, 0, 0.00%, 17, 0, 6, 740.93, 378867, 137
1718, 1, 24, 79, 37, 1, 0.00%, 17, 0, 6, 702.06, 382458, 137
1723, 1, 78, 79, 37, 1, 0.00%, 17, 0, 6, 640.61, 385585, 137
1728, 1, 78, 79, 37, 1, 0.00%, 18, 0, 6, 702.00, 389126, 137
1734, 1, 78, 79, 36, 0, 0.00%, 18, 0, 6, 143.40, 392309, 137
1739, 1, 32, 79, 36, 0, 0.00%, 18, 0, 6, 618.00, 396069, 137
1744, 1, 70, 79, 36, 0, 0.00%, 18, 0, 6, 672.09, 399577, 137
1749, 1, 70, 79, 36, 0, 0.00%, 18, 0, 6, 663.41, 403053, 137
1754, 1, 39, 79, 36, 0, 0.00%, 18, 0, 6, 753.92, 407156, 137
1759, 1, 32, 79, 36, 0, 0.00%, 18, 0, 6, 759.28, 410812, 137
1764, 1, 78, 79, 36, 0, 0.00%, 18, 0, 6, 778.96, 414798, 137
1769, 1, 32, 79, 36, 0, 0.00%, 18, 0, 6, 742.92, 418634, 137
1775, 1, 32, 79, 36, 0, 0.00%, 18, 0, 6, 815.52, 423058, 137
1780, 1, 32, 79, 36, 0, 0.00%, 18, 0, 6, 712.03, 426476, 137
1785, 1, 32, 79, 36, 0, 0.00%, 18, 0, 6, 713.20, 430123, 137
1790, 1, 32, 79, 36, 0, 0.00%, 18, 0, 6, 754.45, 433961, 137
1795, 1, 32, 80, 37, 0, 0.00%, 18, 0, 6, 773.55, 437892, 137
1800, 1, 36, 80, 37, 0, 0.00%, 18, 0, 6, 830.91, 442323, 137
1806, 1, 32, 80, 37, 0, 0.00%, 18, 0, 6, 743.90, 446071, 137
1811, 1, 55, 80, 37, 0, 0.00%, 18, 0, 6, 790.53, 450119, 137
1816, 1, 69, 80, 37, 0, 0.00%, 18, 0, 6, 715.00, 453842, 137
1821, 1, 70, 80, 37, 0, 0.00%, 18, 0, 6, 702.42, 457460, 137
1826, 1, 70, 80, 37, 0, 0.00%, 18, 0, 6, 697.06, 461081, 137
1831, 1, 57, 80, 37, 0, 0.00%, 18, 0, 6, 603.17, 464234, 137
1836, 1, 78, 80, 37, 0, 0.00%, 18, 0, 6, 768.44, 468216, 137
1841, 1, 48, 80, 37, 0, 0.00%, 18, 0, 6, 717.12, 471602, 137
1846, 1, 32, 80, 37, 0, 0.00%, 18, 0, 6, 626.41, 474708, 137
1852, 1, 51, 80, 37, 0, 0.00%, 18, 0, 6, 724.07, 478251, 137
1857, 1, 24, 80, 37, 0, 0.00%, 18, 0, 6, 696.92, 481809, 137
1862, 1, 32, 80, 37, 0, 0.00%, 18, 0, 6, 709.45, 484121, 137
1867, 1, 39, 81, 38, 0, 0.00%, 18, 0, 6, 695.96, 487625, 137
1872, 1, 32, 81, 38, 0, 0.00%, 18, 0, 6, 806.69, 491893, 137
1877, 1, 65, 81, 38, 0, 0.00%, 18, 0, 6, 782.07, 495342, 137
1883, 1, 32, 81, 38, 0, 0.00%, 18, 0, 6, 632.83, 498251, 137
1888, 1, 75, 82, 39, 0, 0.00%, 18, 0, 6, 722.66, 502199, 138
1893, 1, 70, 82, 39, 1, 0.00%, 18, 0, 6, 625.00, 505331, 138
1898, 1, 70, 82, 39, 1, 0.00%, 18, 0, 6, 686.93, 509045, 138
1903, 1, 81, 82, 39, 1, 0.00%, 19, 0, 6, 827.04, 512358, 138
1908, 1, 81, 82, 39, 1, 0.00%, 20, 0, 6, 768.54, 516001, 138
1913, 1, 39, 82, 38, 0, 0.00%, 20, 0, 6, 768.17, 519804, 138
1918, 1, 32, 82, 38, 0, 0.00%, 20, 0, 6, 786.59, 523817, 138
1923, 1, 32, 82, 38, 0, 0.00%, 20, 0, 6, 788.40, 527780, 138
1928, 1, 32, 82, 38, 0, 0.00%, 20, 0, 6, 803.79, 531923, 138
1933, 1, 32, 82, 38, 0, 0.00%, 20, 0, 6, 832.67, 536292, 138
1938, 1, 37, 82, 38, 0, 0.00%, 21, 0, 6, 805.42, 540378, 138
1943, 1, 56, 82, 38, 0, 0.00%, 21, 0, 6, 770.84, 544257, 138
1948, 1, 32, 82, 38, 0, 0.00%, 21, 0, 6, 831.10, 548558, 138
1953, 1, 57, 82, 38, 0, 0.00%, 21, 0, 6, 792.31, 552508, 138
1958, 1, 32, 82, 38, 0, 0.00%, 21, 0, 6, 747.69, 556175, 138
1964, 1, 66, 82, 38, 0, 0.00%, 21, 0, 6, 788.17, 560158, 138
1969, 1, 32, 82, 38, 0, 0.00%, 21, 0, 6, 722.24, 563901, 138
1974, 1, 32, 82, 38, 0, 0.00%, 21, 0, 6, 803.47, 568174, 138
1979, 2, 36, 83, 39, 0, 0.00%, 21, 0, 6, 848.36, 572642, 138
1984, 2, 32, 85, 41, 0, 0.00%, 21, 0, 6, 647.15, 575630, 138
1989, 2, 32, 87, 43, 0, 0.00%, 21, 0, 6, 719.31, 579204, 138
1994, 2, 32, 87, 43, 0, 0.00%, 21, 0, 6, 649.89, 582458, 138
1999, 2, 32, 88, 44, 0, 0.00%, 21, 0, 6, 767.80, 586464, 138
2004, 2, 65, 88, 44, 0, 0.00%, 21, 0, 6, 674.13, 589995, 138
2009, 2, 32, 89, 45, 0, 0.00%, 21, 0, 6, 86.27, 593476, 138
2015, 2, 65, 89, 45, 0, 0.00%, 21, 0, 6, 713.70, 596939, 138
2020, 2, 70, 89, 45, 0, 0.00%, 21, 0, 6, 749.73, 600641, 138
2025, 2, 70, 91, 47, 0, 0.00%, 21, 0, 6, 121.21, 604396, 138
2030, 2, 70, 92, 48, 0, 0.00%, 21, 0, 6, 579.63, 607803, 138
2035, 2, 68, 93, 49, 0, 0.00%, 21, 0, 6, 659.36, 611195, 138
2040, 2, 36, 93, 49, 0, 0.00%, 21, 0, 6, 100.36, 614825, 138
2045, 2, 24, 93, 49, 0, 0.00%, 21, 0, 6, 709.83, 617728, 138
2050, 2, 78, 94, 50, 0, 0.00%, 21, 0, 6, 785.53, 621612, 138
2056, 2, 32, 94, 50, 0, 0.00%, 21, 0, 6, 812.82, 625673, 138
2061, 2, 36, 94, 50, 0, 0.00%, 21, 0, 6, 678.47, 629074, 138
2066, 2, 32, 94, 50, 0, 0.00%, 21, 0, 6, 739.85, 632941, 138
2071, 2, 32, 94, 50, 0, 0.00%, 21, 0, 6, 767.13, 636705, 138
2076, 2, 75, 94, 50, 0, 0.00%, 21, 0, 6, 830.37, 641038, 138
2081, 2, 32, 94, 50, 0, 0.00%, 21, 0, 6, 699.57, 644623, 138
2086, 2, 78, 94, 50, 0, 0.00%, 21, 0, 6, 632.59, 647500, 138
2091, 2, 32, 94, 50, 0, 0.00%, 21, 0, 6, 727.94, 651330, 138
2096, 2, 37, 97, 53, 0, 0.00%, 21, 0, 6, 718.78, 654248, 138
2101, 2, 32, 97, 53, 0, 0.00%, 21, 0, 6, 677.87, 657691, 138
2107, 2, 36, 97, 53, 0, 0.00%, 21, 0, 6, 807.71, 662035, 138
2112, 2, 32, 97, 53, 0, 0.00%, 21, 0, 6, 786.62, 666104, 138
2117, 2, 32, 97, 53, 0, 0.00%, 21, 0, 6, 777.13, 670060, 138
2122, 2, 36, 97, 53, 0, 0.00%, 21, 0, 6, 839.25, 674469, 138
2127, 2, 36, 97, 53, 0, 0.00%, 21, 0, 6, 832.61, 678601, 138
2132, 2, 32, 97, 53, 0, 0.00%, 21, 0, 6, 797.94, 682422, 138
2137, 2, 78, 97, 53, 0, 0.00%, 21, 0, 6, 834.51, 686677, 138
2142, 2, 32, 97, 53, 0, 0.00%, 21, 0, 6, 758.84, 689924, 138
2147, 2, 70, 97, 53, 0, 0.00%, 21, 0, 6, 794.46, 694022, 138
2152, 2, 70, 97, 53, 0, 0.00%, 21, 0, 6, 745.28, 697504, 138
2157, 2, 55, 97, 53, 0, 0.00%, 21, 0, 6, 864.07, 701243, 138
2163, 2, 36, 97, 53, 0, 0.00%, 21, 0, 6, 716.02, 704736, 138
2168, 2, 32, 97, 53, 0, 0.00%, 21, 0, 6, 771.65, 708719, 138
2173, 2, 32, 97, 53, 0, 0.00%, 21, 0, 6, 801.98, 712863, 138
2178, 2, 65, 98, 54, 0, 0.00%, 21, 0, 6, 785.02, 716567, 138
2183, 2, 70, 99, 55, 0, 0.00%, 21, 0, 6, 792.44, 720787, 138
2188, 2, 70, 99, 55, 0, 0.00%, 21, 0, 6, 760.34, 724661, 138
2193, 2, 37, 99, 55, 0, 0.00%, 21, 0, 6, 641.37, 728018, 138
2199, 2, 48, 99, 55, 0, 0.00%, 21, 0, 6, 701.22, 731458, 138
2204, 2, 32, 99, 55, 0, 0.00%, 21, 0, 6, 812.79, 735657, 138
2209, 2, 32, 99, 55, 0, 0.00%, 21, 0, 6, 770.05, 739411, 138
2214, 2, 32, 99, 54, 0, 0.00%, 21, 0, 6, 796.84, 743573, 138
2219, 2, 32, 99, 54, 0, 0.00%, 21, 0, 6, 809.69, 747810, 138
2224, 2, 36, 99, 54, 0, 0.00%, 21, 0, 6, 639.94, 750928, 138
2230, 2, 36, 102, 57, 0, 0.00%, 22, 0, 6, 725.87, 753961, 138
2235, 2, 36, 110, 65, 0, 0.00%, 22, 0, 6, 572.56, 756573, 138
2240, 2, 107, 111, 66, 1, 0.00%, 22, 0, 6, 587.21, 759631, 138
2245, 2, 107, 111, 66, 1, 0.00%, 23, 0, 6, 639.64, 762576, 138
2250, 2, 32, 111, 65, 0, 0.00%, 23, 0, 6, 722.30, 766225, 138
2255, 2, 32, 111, 65, 0, 0.00%, 23, 0, 6, 826.62, 770598, 138
2260, 2, 32, 111, 65, 0, 0.00%, 23, 0, 6, 723.79, 774106, 138
2265, 2, 32, 111, 65, 0, 0.00%, 23, 0, 6, 675.90, 777282, 138
2271, 2, 70, 111, 65, 0, 0.00%, 23, 0, 6, 742.30, 781365, 138
2276, 2, 32, 111, 65, 0, 0.00%, 23, 0, 6, 641.48, 784536, 138
2281, 2, 69, 111, 65, 0, 0.00%, 23, 0, 6, 763.63, 788549, 138
2286, 2, 32, 111, 65, 0, 0.00%, 23, 0, 6, 798.19, 792627, 138
2291, 2, 32, 111, 65, 0, 0.00%, 23, 0, 6, 586.85, 796108, 138
2296, 2, 32, 111, 65, 0, 0.00%, 23, 0, 6, 653.14, 798973, 138
2301, 2, 107, 111, 65, 0, 0.00%, 23, 0, 6, 693.57, 802690, 138
2306, 2, 107, 112, 66, 0, 0.00%, 23, 0, 6, 684.16, 805983, 138
2311, 2, 107, 112, 66, 0, 0.00%, 23, 0, 6, 784.50, 810007, 138
2316, 2, 107, 112, 66, 0, 0.00%, 23, 0, 6, 798.56, 814204, 138
2322, 2, 32, 112, 66, 0, 0.00%, 23, 0, 6, 816.05, 818284, 138
2327, 2, 32, 112, 66, 0, 0.00%, 23, 0, 6, 725.34, 821740, 138
2332, 2, 32, 112, 66, 0, 0.00%, 23, 0, 6, 745.22, 825594, 138
2337, 2, 107, 112, 66, 0, 0.00%, 24, 0, 6, 749.15, 829350, 138
2342, 2, 32, 112, 66, 0, 0.00%, 24, 0, 6, 714.67, 832996, 138
2347, 2, 32, 112, 66, 0, 0.00%, 24, 0, 6, 806.57, 836682, 138
2352, 2, 37, 112, 66, 0, 0.00%, 24, 0, 6, 789.87, 840785, 138
2357, 2, 65, 112, 66, 0, 0.00%, 24, 0, 6, 784.57, 844796, 138
2362, 2, 0, 113, 67, 0, 0.00%, 24, 0, 6, 717.10, 848518, 138
2367, 2, 32, 113, 67, 0, 0.00%, 24, 0, 6, 807.45, 852661, 138
2372, 2, 32, 113, 66, 0, 0.00%, 24, 0, 6, 791.08, 856641, 138
2377, 2, 107, 113, 66, 0, 0.00%, 24, 0, 6, 689.06, 860179, 138
2383, 3, 32, 113, 66, 0, 0.00%, 24, 0, 6, 789.01, 864320, 138
2388, 3, 32, 113, 66, 0, 0.00%, 24, 0, 6, 755.35, 868101, 138
2393, 3, 32, 113, 66, 0, 0.00%, 25, 0, 6, 793.74, 872184, 138
2398, 3, 32, 113, 66, 0, 0.00%, 25, 0, 6, 779.77, 876156, 138
2403, 3, 32, 113, 66, 0, 0.00%, 25, 0, 6, 425.42, 879051, 138
2408, 3, 66, 113, 66, 0, 0.00%, 25, 0, 6, 702.64, 882313, 138
2413, 3, 75, 113, 66, 0, 0.00%, 25, 0, 6, 773.08, 886408, 138
2418, 3, 68, 113, 66, 0, 0.00%, 26, 0, 6, 599.65, 889312, 138
2423, 3, 32, 113, 66, 0, 0.00%, 26, 0, 6, 655.37, 892646, 138
2428, 3, 32, 113, 66, 0, 0.00%, 26, 0, 6, 755.19, 895743, 138
2434, 3, 65, 113, 66, 0, 0.00%, 26, 0, 6, 824.52, 900020, 138
2439, 3, 32, 113, 66, 0, 0.00%, 26, 0, 6, 799.87, 904168, 138
2444, 3, 70, 113, 66, 0, 0.00%, 26, 0, 6, 757.87, 908237, 138
2449, 3, 37, 113, 66, 0, 0.00%, 26, 0, 6, 673.13, 911876, 138
2454, 3, 32, 113, 66, 0, 0.00%, 26, 0, 6, 757.94, 915716, 138
2459, 3, 36, 113, 66, 0, 0.00%, 26, 0, 6, 708.67, 919183, 138
2464, 3, 48, 113, 66, 0, 0.00%, 26, 0, 6, 785.80, 923413, 138
2469, 3, 32, 113, 66, 0, 0.00%, 26, 0, 6, 688.49, 927080, 138
2475, 3, 65, 113, 66, 0, 0.00%, 26, 0, 6, 751.03, 930824, 138
2480, 3, 70, 113, 66, 0, 0.00%, 26, 0, 6, 750.82, 934550, 138
2485, 3, 65, 113, 66, 0, 0.00%, 26, 0, 6, 765.19, 938427, 138
2490, 3, 36, 113, 66, 0, 0.00%, 26, 0, 6, 807.91, 942547, 138
2495, 3, 37, 113, 66, 0, 0.00%, 27, 0, 6, 827.74, 946759, 138
2500, 3, 0, 113, 66, 0, 0.00%, 27, 0, 6, 783.07, 950720, 138
2505, 3, 32, 113, 66, 0, 0.00%, 27, 0, 6, 766.57, 954243, 138
2510, 3, 65, 113, 66, 0, 0.00%, 27, 0, 6, 741.28, 958064, 138
2515, 3, 32, 113, 66, 0, 0.00%, 27, 0, 6, 774.23, 961677, 138
2520, 3, 32, 113, 66, 0, 0.00%, 27, 0, 6, 746.31, 965615, 138
2525, 3, 32, 113, 66, 0, 0.00%, 27, 0, 6, 822.72, 969789, 138
2530, 3, 107, 113, 66, 0, 0.00%, 27, 0, 6, 859.69, 973688, 138
2535, 3, 32, 113, 66, 0, 0.00%, 27, 0, 6, 310.07, 977225, 138
2541, 3, 32, 113, 66, 0, 0.00%, 27, 0, 6, 713.18, 981391, 138
2546, 3, 32, 113, 66, 0, 0.00%, 27, 0, 6, 750.24, 985091, 138
2551, 3, 107, 113, 66, 0, 0.00%, 27, 0, 6, 818.46, 989342, 138
2556, 3, 32, 113, 66, 0, 0.00%, 27, 0, 6, 740.42, 992384, 138
2561, 3, 107, 113, 66, 0, 0.00%, 27, 0, 6, 780.33, 996464, 138
2566, 3, 32, 114, 67, 0, 0.00%, 27, 0, 6, 786.87, 1000555, 138
2571, 3, 65, 114, 67, 0, 0.00%, 27, 0, 6, 789.29, 1004539, 138
2576, 3, 32, 114, 67, 0, 0.00%, 27, 0, 6, 810.75, 1008498, 138
2581, 3, 32, 114, 67, 0, 0.00%, 27, 0, 6, 799.99, 1012608, 138
2587, 3, 78, 114, 67, 0, 0.00%, 27, 0, 6, 774.44, 1015943, 138
2592, 3, 32, 114, 67, 0, 0.00%, 27, 0, 6, 211.63, 1019490, 138
2597, 3, 81, 114, 67, 0, 0.00%, 27, 0, 6, 622.54, 1023335, 138
2602, 3, 81, 114, 67, 0, 0.00%, 28, 0, 6, 710.18, 1026435, 138
2607, 3, 81, 114, 67, 0, 0.00%, 28, 0, 6, 724.62, 1030036, 138
2612, 3, 81, 114, 67, 0, 0.00%, 28, 0, 6, 862.71, 1033556, 138
2617, 3, 65, 114, 67, 0, 0.00%, 28, 0, 6, 777.09, 1037337, 138
2622, 3, 48, 114, 67, 0, 0.00%, 28, 0, 6, 775.41, 1041173, 138
2627, 3, 107, 114, 67, 0, 0.00%, 28, 0, 6, 808.10, 1045311, 138
2632, 3, 75, 114, 67, 0, 0.00%, 28, 0, 6, 788.38, 1048727, 138
2637, 3, 32, 114, 67, 0, 0.00%, 28, 0, 6, 694.72, 1052288, 138
2642, 3, 32, 114, 67, 0, 0.00%, 28, 0, 6, 598.69, 1054533, 138
2648, 3, 70, 114, 67, 0, 0.00%, 28, 0, 6, 13.29, 1057331, 138
2653, 3, 70, 114, 67, 0, 0.00%, 28, 0, 6, 288.09, 1059603, 138
2658, 3, 32, 114, 67, 0, 0.00%, 28, 0, 6, 95.24, 1061335, 138
2663, 3, 32, 114, 67, 0, 0.00%, 28, 0, 6, 404.73, 1063414, 138
2668, 3, 107, 114, 67, 0, 0.00%, 28, 0, 6, 505.27, 1066281, 138
2673, 3, 107, 114, 67, 0, 0.00%, 28, 0, 6, 207.27, 1066934, 138
2678, 3, 107, 114, 67, 0, 0.00%, 28, 0, 6, 149.45, 1067614, 138
2683, 3, 32, 114, 67, 0, 0.00%, 28, 0, 6, 164.00, 1068502, 138
2688, 3, 32, 114, 67, 0, 0.00%, 28, 0, 6, 210.49, 1069606, 138
2694, 3, 32, 114, 67, 0, 0.00%, 28, 0, 6, 183.67, 1070555, 138
2699, 3, 36, 114, 67, 0, 0.00%, 28, 0, 6, 650.89, 1071895, 138
2704, 3, 0, 115, 68, 0, 0.00%, 28, 0, 6, 468.72, 1074034, 138
2709, 3, 0, 115, 68, 0, 0.00%, 28, 0, 6, 337.61, 1075502, 138
2714, 3, 70, 115, 68, 0, 0.00%, 28, 0, 6, 430.45, 1077629, 138
2719, 3, 75, 115, 68, 0, 0.00%, 28, 0, 6, 84.51, 1080311, 138
2725, 3, 32, 115, 68, 0, 0.00%, 29, 0, 6, 473.39, 1082494, 138
2730, 3, 32, 115, 68, 0, 0.00%, 29, 0, 6, 272.82, 1083806, 138
2735, 3, 69, 115, 68, 0, 0.00%, 29, 0, 6, 597.94, 1086214, 138
2740, 3, 37, 115, 68, 0, 0.00%, 29, 0, 6, 475.08, 1088907, 138
2745, 3, 75, 115, 67, 0, 0.00%, 29, 0, 6, 555.13, 1091806, 138
2750, 3, 70, 115, 67, 0, 0.00%, 29, 0, 6, 471.21, 1094163, 138
2755, 3, 32, 115, 67, 0, 0.00%, 29, 0, 6, 592.25, 1097050, 138
2760, 3, 32, 115, 67, 0, 0.00%, 29, 0, 6, 477.56, 1099110, 138
2765, 3, 81, 115, 67, 0, 0.00%, 29, 0, 6, 488.99, 1101070, 138
2770, 3, 81, 115, 67, 0, 0.00%, 29, 0, 6, 499.81, 1103360, 138
2775, 3, 81, 115, 67, 0, 0.00%, 29, 0, 6, 505.30, 1105840, 138
2781, 3, 81, 115, 67, 0, 0.00%, 29, 0, 6, 540.50, 1108627, 138
2786, 3, 32, 115, 67, 0, 0.00%, 29, 0, 6, 683.82, 1111471, 138
2791, 3, 70, 115, 67, 0, 0.00%, 29, 0, 6, 592.04, 1114452, 138
2796, 3, 32, 115, 67, 0, 0.00%, 29, 0, 6, 596.35, 1117464, 138
2801, 3, 32, 115, 67, 0, 0.00%, 29, 0, 6, 639.88, 1120672, 138
2806, 3, 32, 115, 67, 0, 0.00%, 29, 0, 6, 660.73, 1123830, 138
2811, 3, 48, 115, 67, 0, 0.00%, 29, 0, 6, 584.35, 1126581, 138
2816, 4, 32, 115, 67, 0, 0.00%, 29, 0, 6, 498.57, 1129153, 138
2821, 4, 70, 115, 67, 0, 0.00%, 29, 0, 6, 525.61, 1131968, 138
2826, 4, 78, 115, 67, 0, 0.00%, 30, 0, 6, 479.58, 1134399, 138
2831, 4, 32, 115, 67, 0, 0.00%, 30, 0, 6, 644.39, 1137867, 138
2836, 4, 75, 115, 67, 0, 0.00%, 30, 0, 6, 597.91, 1141127, 138
2842, 4, 65, 115, 67, 0, 0.00%, 30, 0, 6, 355.77, 1143637, 138
2847, 4, 75, 115, 67, 0, 0.00%, 30, 0, 6, 590.58, 1146721, 138
2852, 4, 32, 115, 67, 0, 0.00%, 30, 0, 6, 682.21, 1150099, 138
2857, 4, 36, 115, 67, 0, 0.00%, 30, 0, 6, 709.83, 1153779, 138
2862, 4, 32, 115, 67, 0, 0.00%, 30, 0, 6, 580.98, 1156755, 138
2867, 4, 37, 115, 67, 0, 0.00%, 30, 0, 6, 447.11, 1158911, 138
2872, 4, 32, 115, 67, 0, 0.00%, 30, 0, 6, 500.62, 1161577, 138
2877, 4, 36, 115, 67, 0, 0.00%, 30, 0, 6, 535.09, 1163917, 138
2883, 4, 36, 115, 67, 0, 0.00%, 30, 0, 6, 568.73, 1166782, 138
2888, 4, 32, 115, 67, 0, 0.00%, 30, 0, 6, 669.45, 1170056, 138
2893, 4, 81, 115, 67, 0, 0.00%, 32, 0, 6, 597.75, 1173201, 138
2898, 4, 81, 115, 67, 0, 0.00%, 32, 0, 6, 345.27, 1175211, 138
2903, 4, 81, 115, 67, 0, 0.00%, 32, 0, 6, 554.75, 1178269, 138
2908, 4, 81, 115, 67, 0, 0.00%, 32, 0, 6, 172.95, 1180972, 138
2913, 4, 36, 115, 67, 0, 0.00%, 32, 0, 6, 455.35, 1183785, 138
2918, 4, 107, 115, 67, 0, 0.00%, 32, 0, 6, 596.17, 1186414, 138
2923, 4, 70, 115, 67, 0, 0.00%, 32, 0, 6, 564.78, 1188989, 138
2928, 4, 32, 115, 67, 0, 0.00%, 32, 0, 6, 601.17, 1191640, 138
2933, 4, 32, 115, 67, 0, 0.00%, 32, 0, 6, 437.93, 1193596, 138
2938, 4, 27, 115, 67, 0, 0.00%, 32, 0, 6, 356.02, 1195286, 138
2944, 4, 65, 115, 67, 0, 0.00%, 32, 0, 6, 81.48, 1197792, 138
2949, 4, 48, 115, 67, 0, 0.00%, 32, 0, 6, 537.36, 1200077, 138
2954, 4, 32, 115, 67, 0, 0.00%, 32, 0, 6, 680.58, 1203652, 138
2959, 4, 32, 115, 67, 0, 0.00%, 32, 0, 6, 626.10, 1206951, 138
2964, 4, 32, 115, 67, 0, 0.00%, 32, 0, 6, 597.89, 1209846, 138
2969, 4, 48, 115, 67, 0, 0.00%, 32, 0, 6, 475.00, 1213089, 138
2974, 4, 81, 116, 68, 0, 0.00%, 32, 0, 6, 486.89, 1215766, 138
2979, 4, 81, 116, 68, 0, 0.00%, 33, 0, 6, 502.83, 1218336, 138
2984, 4, 81, 116, 68, 0, 0.00%, 33, 0, 6, 584.40, 1221046, 138
2989, 4, 30, 116, 68, 0, 0.00%, 33, 0, 6, 675.82, 1224735, 138
2995, 4, 32, 116, 67, 0, 0.00%, 33, 0, 6, 82.19, 1226721, 138
3000, 4, 32, 116, 67, 0, 0.00%, 33, 0, 6, 465.51, 1229391, 138
3005, 4, 57, 116, 67, 0, 0.00%, 33, 0, 6, 578.29, 1231991, 138
3010, 4, 68, 116, 67, 0, 0.00%, 33, 0, 6, 646.25, 1233887, 138
3015, 4, 69, 116, 67, 0, 0.00%, 33, 0, 6, 534.85, 1236296, 138
3020, 4, 69, 116, 67, 0, 0.00%, 33, 0, 6, 552.47, 1238919, 138
3025, 4, 70, 116, 67, 0, 0.00%, 33, 0, 6, 609.55, 1242326, 138
3030, 4, 24, 116, 67, 0, 0.00%, 33, 0, 6, 558.18, 1245307, 138
3035, 4, 72, 116, 67, 0, 0.00%, 33, 0, 6, 523.07, 1247943, 138
3040, 4, 65, 116, 67, 0, 0.00%, 33, 0, 6, 668.84, 1250385, 138
3046, 4, 32, 116, 67, 0, 0.00%, 33, 0, 6, 691.59, 1253386, 138
3051, 4, 48, 116, 67, 0, 0.00%, 33, 0, 6, 628.02, 1256070, 138
3056, 4, 32, 116, 67, 0, 0.00%, 33, 0, 6, 681.65, 1259649, 138
3061, 4, 70, 116, 67, 0, 0.00%, 33, 0, 6, 786.33, 1262232, 138
3066, 4, 32, 116, 67, 0, 0.00%, 33, 0, 6, 572.51, 1264611, 138
3071, 4, 36, 117, 68, 0, 0.00%, 33, 0, 6, 486.06, 1266914, 138
3076, 4, 116, 118, 69, 1, 0.00%, 33, 0, 6, 449.61, 1269171, 138
3081, 4, 116, 118, 69, 1, 0.00%, 33, 0, 6, 397.50, 1271020, 138
3087, 4, 116, 118, 69, 1, 0.00%, 33, 0, 6, 526.85, 1273568, 138
3092, 4, 116, 118, 69, 1, 0.00%, 33, 0, 6, 521.55, 1276004, 138
3097, 4, 116, 118, 69, 1, 0.00%, 33, 0, 6, 553.66, 1278552, 138
3102, 4, 32, 118, 68, 0, 0.00%, 34, 0, 6, 674.65, 1282093, 138
3107, 4, 57, 118, 68, 0, 0.00%, 34, 0, 6, 670.07, 1285446, 138
3112, 4, 36, 118, 68, 0, 0.00%, 34, 0, 6, 526.17, 1287794, 138
3117, 4, 36, 118, 68, 0, 0.00%, 34, 0, 6, 639.40, 1291055, 138
3122, 4, 32, 118, 68, 0, 0.00%, 35, 0, 6, 641.03, 1294445, 138
3127, 4, 48, 118, 68, 0, 0.00%, 35, 0, 6, 329.66, 1296098, 138
3133, 4, 48, 118, 68, 0, 0.00%, 35, 0, 6, 77.17, 1299491, 138
3138, 4, 32, 118, 68, 0, 0.00%, 35, 0, 6, 489.58, 1301644, 138
3143, 4, 32, 118, 68, 0, 0.00%, 35, 0, 6, 510.33, 1304223, 138
3148, 4, 32, 118, 68, 0, 0.00%, 35, 0, 6, 495.93, 1306966, 138
3153, 4, 32, 118, 68, 0, 0.00%, 35, 0, 6, 360.12, 1308524, 138
3158, 4, 78, 118, 68, 0, 0.00%, 35, 0, 6, 450.06, 1311009, 138
3163, 4, 78, 118, 68, 0, 0.00%, 35, 0, 6, 446.32, 1313258, 138
3168, 4, 32, 118, 68, 0, 0.00%, 35, 0, 6, 138.80, 1315854, 138
3174, 4, 36, 118, 68, 0, 0.00%, 35, 0, 6, 671.29, 1318951, 138
3179, 4, 107, 118, 68, 0, 0.00%, 35, 0, 6, 162.56, 1322159, 138
3184, 4, 32, 118, 68, 0, 0.00%, 35, 0, 6, 521.50, 1325065, 138
3189, 4, 32, 118, 68, 0, 0.00%, 35, 0, 6, 154.07, 1327571, 138
3194, 4, 32, 118, 68, 0, 0.00%, 35, 0, 6, 396.98, 1329741, 138
3199, 4, 70, 118, 68, 0, 0.00%, 35, 0, 6, 81.62, 1331828, 138
3204, 4, 70, 118, 68, 0, 0.00%, 35, 0, 6, 459.37, 1333833, 138
3209, 4, 78, 118, 68, 0, 0.00%, 35, 0, 6, 606.48, 1337228, 138
3215, 4, 32, 118, 68, 0, 0.00%, 35, 0, 6, 489.81, 1339697, 138
3220, 4, 70, 118, 68, 0, 0.00%, 35, 0, 6, 650.28, 1343137, 138
3225, 4, 32, 118, 68, 0, 0.00%, 35, 0, 6, 684.34, 1346551, 138
3230, 4, 32, 118, 68, 0, 0.00%, 35, 0, 6, 675.88, 1349987, 138
3235, 4, 78, 118, 68, 0, 0.00%, 35, 0, 6, 101.89, 1352892, 138
3240, 4, 32, 118, 68, 0, 0.00%, 35, 0, 6, 441.61, 1354856, 138
3246, 4, 70, 118, 68, 0, 0.00%, 35, 0, 6, 508.97, 1357442, 138
3251, 4, 37, 118, 68, 0, 0.00%, 35, 0, 6, 67.71, 1359962, 138
3256, 4, 32, 118, 68, 0, 0.00%, 35, 0, 6, 493.47, 1362649, 138
3261, 4, 68, 118, 68, 0, 0.00%, 35, 0, 6, 600.12, 1365751, 138
3266, 4, 69, 118, 68, 0, 0.00%, 35, 0, 6, 413.34, 1368498, 138
3271, 4, 32, 118, 68, 0, 0.00%, 35, 0, 6, 763.48, 1371681, 138
3276, 4, 72, 118, 68, 0, 0.00%, 35, 0, 6, 477.30, 1373807, 138
3281, 4, 62, 118, 68, 0, 0.00%, 35, 0, 6, 643.12, 1377169, 138
3286, 4, 27, 118, 67, 0, 0.00%, 35, 0, 6, 650.50, 1380523, 138
3292, 4, 32, 118, 67, 0, 0.00%, 35, 0, 6, 212.64, 1382293, 138
3297, 4, 32, 118, 67, 0, 0.00%, 35, 0, 6, 564.36, 1385618, 138
3302, 4, 65, 118, 67, 0, 0.00%, 35, 0, 6, 112.52, 1388397, 138
3307, 4, 65, 118, 67, 0, 0.00%, 35, 0, 6, 695.00, 1389994, 138
3312, 4, 32, 118, 67, 0, 0.00%, 35, 0, 6, 656.49, 1393190, 138
3317, 4, 32, 118, 67, 0, 0.00%, 35, 0, 6, 265.84, 1395146, 138
3322, 4, 32, 118, 67, 0, 0.00%, 35, 0, 6, 503.46, 1398183, 138
3327, 4, 32, 118, 67, 0, 0.00%, 35, 0, 6, 620.49, 1401330, 138
3332, 4, 32, 118, 67, 0, 0.00%, 35, 0, 6, 489.41, 1403527, 138
3337, 5, 32, 118, 67, 0, 0.00%, 35, 0, 6, 411.06, 1405536, 138
3342, 5, 32, 118, 67, 0, 0.00%, 35, 0, 6, 71.71, 1407519, 138
3348, 5, 32, 118, 67, 0, 0.00%, 35, 0, 6, 355.00, 1409780, 138
3353, 5, 32, 118, 67, 0, 0.00%, 35, 0, 6, 512.86, 1412512, 138
3358, 5, 82, 118, 67, 0, 0.00%, 35, 0, 6, 537.41, 1415075, 138
3363, 5, 78, 118, 66, 0, 0.00%, 35, 0, 6, 653.95, 1418417, 138
3368, 5, 107, 118, 66, 0, 0.00%, 35, 0, 6, 538.01, 1421115, 138
3373, 5, 48, 118, 66, 0, 0.00%, 35, 0, 6, 540.17, 1424232, 138
3378, 5, 36, 118, 66, 0, 0.00%, 35, 0, 6, 433.79, 1426413, 138
3384, 5, 32, 118, 66, 0, 0.00%, 35, 0, 6, 444.30, 1428453, 138
3389, 5, 37, 118, 66, 0, 0.00%, 35, 0, 6, 724.01, 1431030, 138
3394, 5, 32, 118, 66, 0, 0.00%, 35, 0, 6, 354.30, 1433299, 138
3399, 5, 32, 118, 66, 0, 0.00%, 35, 0, 6, 545.74, 1436260, 138
3404, 5, 32, 118, 66, 0, 0.00%, 35, 0, 6, 561.04, 1438895, 138
3409, 5, 32, 118, 66, 0, 0.00%, 35, 0, 6, 531.03, 1441146, 138
3414, 5, 68, 118, 66, 0, 0.00%, 35, 0, 6, 536.37, 1443873, 138
3420, 5, 32, 118, 66, 0, 0.00%, 35, 0, 6, 299.16, 1445858, 138
3425, 5, 36, 118, 66, 0, 0.00%, 35, 0, 6, 581.89, 1448912, 138
3430, 5, 78, 118, 66, 0, 0.00%, 35, 0, 6, 564.05, 1451817, 138
3435, 5, 81, 118, 66, 0, 0.00%, 35, 0, 6, 457.14, 1453966, 138
3440, 5, 81, 118, 66, 0, 0.00%, 35, 0, 6, 450.20, 1456363, 138
3445, 5, 81, 118, 66, 0, 0.00%, 35, 0, 6, 278.35, 1458216, 138
3450, 5, 108, 118, 66, 0, 0.00%, 35, 0, 6, 395.86, 1460250, 138
3455, 5, 24, 118, 65, 0, 0.00%, 35, 0, 6, 582.40, 1462353, 138
3460, 5, 78, 118, 65, 0, 0.00%, 35, 0, 6, 630.95, 1465729, 138
3465, 5, 24, 118, 65, 0, 0.00%, 35, 0, 6, 84.83, 1468560, 138
3471, 5, 32, 118, 65, 0, 0.00%, 35, 0, 6, 171.62, 1470447, 138
3476, 5, 36, 118, 65, 0, 0.00%, 35, 0, 6, 498.42, 1473286, 138
3481, 5, 32, 118, 65, 0, 0.00%, 35, 0, 6, 483.96, 1475908, 138
3486, 5, 116, 118, 65, 0, 0.00%, 35, 0, 6, 492.82, 1478126, 138
3491, 5, 37, 118, 65, 0, 0.00%, 35, 0, 6, 580.18, 1481173, 138
3496, 5, 48, 118, 65, 0, 0.00%, 35, 0, 6, 652.73, 1484487, 138
3502, 5, 36, 118, 65, 0, 0.00%, 35, 0, 6, 651.23, 1487900, 138
3507, 5, 36, 118, 65, 0, 0.00%, 35, 0, 6, 277.47, 1489712, 138
3512, 5, 107, 118, 65, 0, 0.00%, 35, 0, 6, 337.38, 1491293, 138
3517, 5, 48, 118, 65, 0, 0.00%, 35, 0, 6, 724.07, 1493427, 138
3522, 5, 32, 118, 65, 0, 0.00%, 35, 0, 6, 638.95, 1496386, 138
3527, 5, 78, 118, 65, 0, 0.00%, 35, 0, 6, 69.22, 1499433, 138
3532, 5, 107, 118, 65, 0, 0.00%, 35, 0, 6, 631.49, 1501513, 138
3537, 5, 32, 118, 65, 0, 0.00%, 35, 0, 6, 670.53, 1504253, 138
3542, 5, 32, 118, 65, 0, 0.00%, 35, 0, 6, 687.11, 1507707, 138
3548, 5, 117, 118, 65, 0, 0.00%, 35, 0, 6, 478.38, 1510117, 138
3553, 5, 117, 118, 65, 0, 0.00%, 35, 0, 6, 592.10, 1513244, 138
3558, 5, 32, 118, 64, 0, 0.00%, 35, 0, 6, 625.58, 1515787, 138
3563, 5, 36, 118, 64, 0, 0.00%, 35, 0, 6, 204.89, 1518515, 138
3568, 5, 36, 118, 64, 0, 0.00%, 35, 0, 6, 138.89, 1520731, 138
3573, 5, 32, 118, 64, 0, 0.00%, 35, 0, 6, 284.03, 1522332, 138
3578, 5, 70, 118, 64, 0, 0.00%, 35, 0, 6, 382.90, 1524185, 138
3583, 5, 70, 118, 64, 0, 0.00%, 35, 0, 6, 78.60, 1526804, 138
3588, 5, 75, 118, 64, 0, 0.00%, 35, 0, 6, 94.79, 1529275, 138
3593, 5, 32, 118, 64, 0, 0.00%, 35, 0, 6, 262.12, 1530445, 138
3598, 5, 32, 118, 64, 0, 0.00%, 35, 0, 6, 181.06, 1531269, 138
3604, 5, 37, 118, 64, 0, 0.00%, 35, 0, 6, 178.36, 1532152, 138
3609, 5, 37, 118, 64, 0, 0.00%, 35, 0, 6, 244.93, 1533591, 138
3614, 5, 60, 118, 64, 0, 0.00%, 35, 0, 6, 221.26, 1534668, 138
3619, 5, 60, 118, 64, 0, 0.00%, 35, 0, 6, 216.73, 1535771, 138
3624, 5, 32, 118, 63, 0, 0.00%, 35, 0, 6, 243.16, 1536993, 138
3629, 5, 32, 118, 63, 0, 0.00%, 35, 0, 6, 252.59, 1538447, 138
3634, 5, 32, 118, 63, 0, 0.00%, 35, 0, 6, 221.73, 1539566, 138
3640, 5, 32, 118, 63, 0, 0.00%, 35, 0, 6, 248.95, 1540680, 138
3645, 5, 48, 118, 63, 0, 0.00%, 35, 0, 6, 248.83, 1541812, 138
3650, 5, 107, 118, 63, 0, 0.00%, 35, 0, 6, 257.68, 1543050, 138
3655, 5, 107, 118, 63, 0, 0.00%, 35, 0, 6, 212.40, 1544083, 138
3660, 5, 107, 118, 63, 0, 0.00%, 35, 0, 6, 243.54, 1545273, 138
3665, 5, 70, 118, 63, 0, 0.00%, 35, 0, 6, 213.06, 1546413, 138
3670, 5, 70, 118, 63, 0, 0.00%, 35, 0, 6, 196.99, 1547302, 138
3676, 5, 70, 118, 63, 0, 0.00%, 35, 0, 6, 202.98, 1548342, 138
3681, 5, 24, 118, 63, 0, 0.00%, 35, 0, 6, 164.03, 1549098, 138
3686, 5, 32, 118, 63, 0, 0.00%, 35, 0, 6, 211.06, 1550158, 138
3691, 5, 32, 118, 63, 0, 0.00%, 35, 0, 6, 182.58, 1551017, 138
3696, 5, 24, 118, 63, 0, 0.00%, 35, 0, 6, 153.64, 1551832, 138
3701, 5, 78, 118, 63, 0, 0.00%, 35, 0, 6, 140.35, 1552557, 138
3706, 5, 78, 118, 63, 0, 0.00%, 35, 0, 6, 162.24, 1553399, 138
3711, 5, 32, 118, 63, 0, 0.00%, 35, 0, 6, 182.30, 1554382, 138
3716, 5, 32, 118, 63, 0, 0.00%, 35, 0, 6, 218.84, 1555502, 138
3722, 5, 32, 118, 63, 0, 0.00%, 35, 0, 6, 202.09, 1556482, 138
3727, 5, 107, 118, 63, 0, 0.00%, 35, 0, 6, 192.19, 1557500, 138
3732, 5, 107, 118, 63, 0, 0.00%, 35, 0, 6, 151.31, 1558285, 138
3737, 5, 107, 118, 63, 0, 0.00%, 35, 0, 6, 143.42, 1558979, 138
3742, 5, 37, 118, 63, 0, 0.00%, 35, 0, 6, 125.79, 1559579, 138
3747, 5, 37, 118, 63, 0, 0.00%, 35, 0, 6, 242.74, 1560799, 138
3752, 5, 32, 118, 63, 0, 0.00%, 35, 0, 6, 179.99, 1561587, 138
3757, 5, 32, 118, 63, 0, 0.00%, 35, 0, 6, 213.61, 1563002, 138
3763, 5, 36, 118, 63, 0, 0.00%, 35, 0, 6, 245.42, 1564348, 138
3768, 5, 36, 118, 63, 0, 0.00%, 35, 0, 6, 188.40, 1565258, 138
3773, 5, 32, 118, 63, 0, 0.00%, 35, 0, 6, 178.42, 1566172, 138
3778, 5, 32, 118, 63, 0, 0.00%, 35, 0, 6, 154.52, 1566967, 138
3783, 5, 32, 118, 63, 0, 0.00%, 35, 0, 6, 168.45, 1567907, 138
3788, 5, 72, 118, 63, 0, 0.00%, 35, 0, 6, 229.25, 1569344, 138
3794, 5, 32, 118, 63, 0, 0.00%, 35, 0, 6, 230.60, 1570398, 138
3799, 5, 32, 118, 63, 0, 0.00%, 35, 0, 6, 220.68, 1571401, 138
3804, 5, 32, 118, 63, 0, 0.00%, 35, 0, 6, 212.63, 1572501, 138
3809, 5, 78, 118, 63, 0, 0.00%, 35, 0, 6, 214.53, 1573627, 138
3814, 5, 37, 118, 63, 0, 0.00%, 35, 0, 6, 218.13, 1574904, 138
3819, 5, 37, 118, 63, 0, 0.00%, 35, 0, 6, 163.57, 1575718, 138
3824, 5, 69, 118, 63, 0, 0.00%, 35, 0, 6, 197.85, 1576714, 138
3829, 5, 69, 118, 63, 0, 0.00%, 35, 0, 6, 185.84, 1577603, 138
3835, 5, 69, 118, 63, 0, 0.00%, 35, 0, 6, 151.86, 1578392, 138
3840, 5, 69, 118, 63, 0, 0.00%, 35, 0, 6, 186.70, 1579376, 138
3845, 5, 32, 118, 63, 0, 0.00%, 35, 0, 6, 152.25, 1580194, 138
3850, 5, 32, 118, 63, 0, 0.00%, 35, 0, 6, 204.74, 1581111, 138
3855, 5, 32, 118, 63, 0, 0.00%, 35, 0, 6, 223.71, 1582151, 138
3860, 5, 32, 118, 63, 0, 0.00%, 35, 0, 6, 184.49, 1583063, 138
3865, 5, 32, 118, 63, 0, 0.00%, 35, 0, 6, 168.28, 1583950, 138
3870, 5, 32, 118, 63, 0, 0.00%, 35, 0, 6, 163.68, 1584726, 138
3875, 5, 36, 118, 63, 0, 0.00%, 35, 0, 6, 136.85, 1585434, 138
3881, 5, 36, 118, 63, 0, 0.00%, 35, 0, 6, 127.22, 1586102, 138
3886, 5, 32, 118, 63, 0, 0.00%, 35, 0, 6, 155.59, 1587012, 138
3891, 5, 32, 118, 63, 0, 0.00%, 35, 0, 6, 176.11, 1587942, 138
3896, 5, 32, 118, 63, 0, 0.00%, 35, 0, 6, 178.06, 1588911, 138
3901, 5, 78, 118, 63, 0, 0.00%, 35, 0, 6, 174.34, 1589815, 138
3906, 5, 78, 118, 63, 0, 0.00%, 35, 0, 6, 162.05, 1590589, 138
3911, 5, 37, 118, 63, 0, 0.00%, 35, 0, 6, 190.88, 1591568, 138
3916, 5, 37, 118, 63, 0, 0.00%, 35, 0, 6, 213.65, 1592736, 138
3921, 5, 32, 118, 63, 0, 0.00%, 35, 0, 6, 145.42, 1593424, 138
3927, 5, 32, 118, 63, 0, 0.00%, 35, 0, 6, 188.84, 1594432, 138
3932, 5, 32, 118, 63, 0, 0.00%, 35, 0, 6, 177.15, 1595295, 138
3937, 5, 69, 118, 63, 0, 0.00%, 35, 0, 6, 195.07, 1596305, 138
3942, 5, 69, 118, 63, 0, 0.00%, 35, 0, 6, 209.29, 1597378, 138
3947, 5, 69, 118, 63, 0, 0.00%, 35, 0, 6, 233.27, 1598540, 138
3952, 5, 75, 118, 63, 0, 0.00%, 35, 0, 6, 204.57, 1599565, 138
3957, 5, 75, 118, 63, 0, 0.00%, 35, 0, 6, 154.36, 1600306, 138
3962, 5, 75, 118, 63, 0, 0.00%, 35, 0, 6, 145.10, 1601038, 138
3967, 5, 36, 118, 63, 0, 0.00%, 35, 0, 6, 227.22, 1602098, 138
3972, 5, 36, 118, 63, 0, 0.00%, 35, 0, 6, 166.73, 1602913, 138
3978, 5, 32, 118, 63, 0, 0.00%, 35, 0, 6, 219.75, 1604009, 138
3983, 5, 32, 118, 63, 0, 0.00%, 35, 0, 6, 137.77, 1604591, 138
3988, 5, 75, 118, 63, 0, 0.00%, 35, 0, 6, 187.35, 1605655, 138
3993, 5, 75, 118, 63, 0, 0.00%, 35, 0, 6, 190.49, 1606707, 138
3998, 5, 32, 118, 63, 0, 0.00%, 35, 0, 6, 205.76, 1607863, 138
4003, 5, 32, 118, 63, 0, 0.00%, 35, 0, 6, 163.53, 1608639, 138
4008, 5, 32, 118, 63, 0, 0.00%, 35, 0, 6, 145.88, 1609425, 138
4013, 5, 36, 118, 63, 0, 0.00%, 35, 0, 6, 126.44, 1610065, 138
4019, 5, 36, 118, 63, 0, 0.00%, 35, 0, 6, 179.89, 1611072, 138
4024, 5, 36, 118, 63, 0, 0.00%, 35, 0, 6, 164.69, 1611874, 138
4029, 5, 32, 118, 63, 0, 0.00%, 35, 0, 6, 67.02, 1612481, 138
4034, 5, 32, 118, 63, 0, 0.00%, 35, 0, 6, 184.63, 1613466, 138
4039, 5, 32, 118, 63, 0, 0.00%, 35, 0, 6, 160.95, 1614272, 138
4044, 5, 32, 118, 63, 0, 0.00%, 35, 0, 6, 167.75, 1615125, 138
4049, 5, 32, 118, 63, 0, 0.00%, 35, 0, 6, 139.98, 1615813, 138
4054, 5, 32, 118, 63, 0, 0.00%, 35, 0, 6, 197.93, 1617015, 138
4060, 5, 32, 118, 63, 0, 0.00%, 35, 0, 6, 153.60, 1617730, 138
4065, 5, 32, 118, 63, 0, 0.00%, 35, 0, 6, 132.92, 1618418, 138
4070, 5, 32, 118, 63, 0, 0.00%, 35, 0, 6, 149.91, 1619195, 138
4075, 5, 36, 118, 63, 0, 0.00%, 35, 0, 6, 155.90, 1620020, 138
4080, 5, 36, 118, 63, 0, 0.00%, 35, 0, 6, 137.59, 1620706, 138
4085, 5, 36, 118, 63, 0, 0.00%, 35, 0, 6, 139.38, 1621328, 138
4090, 5, 78, 118, 63, 0, 0.00%, 35, 0, 6, 174.61, 1622274, 138
4095, 5, 78, 118, 63, 0, 0.00%, 35, 0, 6, 151.82, 1623016, 138
4100, 5, 36, 118, 63, 0, 0.00%, 35, 0, 6, 200.13, 1623985, 138
4106, 5, 36, 118, 63, 0, 0.00%, 35, 0, 6, 166.06, 1624778, 138
4111, 5, 73, 118, 63, 0, 0.00%, 35, 0, 6, 186.81, 1625722, 138
4116, 5, 36, 118, 63, 0, 0.00%, 35, 0, 6, 234.21, 1626797, 138
4121, 5, 36, 118, 63, 0, 0.00%, 35, 0, 6, 208.79, 1627709, 138
4126, 5, 107, 118, 63, 0, 0.00%, 35, 0, 6, 306.19, 1629196, 138
4131, 5, 107, 118, 63, 0, 0.00%, 35, 0, 6, 180.68, 1630015, 138
4136, 5, 107, 118, 63, 0, 0.00%, 35, 0, 6, 145.44, 1630729, 138
4141, 5, 24, 118, 63, 0, 0.00%, 35, 0, 6, 229.01, 1631966, 138
4147, 5, 32, 118, 63, 0, 0.00%, 35, 0, 6, 217.11, 1633073, 138
4152, 5, 32, 118, 63, 0, 0.00%, 35, 0, 6, 208.57, 1634093, 138
4157, 5, 32, 118, 63, 0, 0.00%, 35, 0, 6, 182.07, 1634923, 138
4162, 5, 32, 118, 63, 0, 0.00%, 35, 0, 6, 150.55, 1635685, 138
4167, 5, 32, 118, 63, 0, 0.00%, 35, 0, 6, 143.02, 1636408, 138
4172, 5, 36, 118, 63, 0, 0.00%, 35, 0, 6, 245.80, 1637644, 138
4177, 5, 36, 118, 63, 0, 0.00%, 35, 0, 6, 195.78, 1638547, 138
4182, 5, 32, 118, 63, 0, 0.00%, 35, 0, 6, 198.98, 1639601, 138
4187, 5, 32, 118, 63, 0, 0.00%, 35, 0, 6, 163.71, 1640444, 138
4192, 5, 32, 118, 63, 0, 0.00%, 35, 0, 6, 189.02, 1641342, 138
4198, 5, 107, 118, 63, 0, 0.00%, 35, 0, 6, 263.99, 1642786, 138
4203, 5, 107, 118, 63, 0, 0.00%, 35, 0, 6, 209.28, 1643762, 138
4208, 5, 32, 118, 63, 0, 0.00%, 35, 0, 6, 186.19, 1644826, 138
4213, 5, 32, 118, 63, 0, 0.00%, 35, 0, 6, 129.70, 1645367, 138
4218, 5, 32, 118, 63, 0, 0.00%, 35, 0, 6, 155.46, 1646188, 138
4223, 6, 81, 118, 63, 0, 0.00%, 35, 1, 6, 348.89, 1647344, 138
4228, 6, 81, 118, 63, 0, 0.00%, 35, 1, 6, 182.83, 1648047, 138
4233, 6, 81, 118, 63, 0, 0.00%, 35, 1, 6, 286.47, 1649559, 138
4238, 6, 81, 118, 63, 0, 0.00%, 35, 1, 6, 303.11, 1651088, 138
4244, 6, 81, 118, 63, 0, 0.00%, 35, 1, 6, 268.99, 1652578, 138
4249, 6, 48, 118, 63, 0, 0.00%, 35, 1, 6, 328.40, 1654316, 138
4254, 6, 32, 118, 63, 0, 0.00%, 35, 1, 6, 341.65, 1656066, 138
4259, 6, 32, 118, 63, 0, 0.00%, 35, 1, 6, 355.54, 1657885, 138
4264, 6, 32, 118, 63, 0, 0.00%, 35, 1, 6, 304.48, 1659244, 138
4269, 6, 32, 118, 63, 0, 0.00%, 35, 1, 6, 336.56, 1660958, 138
4274, 6, 32, 118, 63, 0, 0.00%, 35, 1, 6, 291.70, 1662468, 138
4279, 6, 32, 118, 63, 0, 0.00%, 35, 1, 6, 323.09, 1664114, 138
4284, 6, 107, 118, 63, 0, 0.00%, 35, 1, 6, 319.38, 1665724, 138
4290, 6, 107, 118, 63, 0, 0.00%, 35, 1, 6, 341.32, 1667411, 138
4295, 6, 36, 118, 63, 0, 0.00%, 35, 1, 6, 265.72, 1668575, 138
4300, 6, 70, 118, 63, 0, 0.00%, 35, 1, 6, 255.33, 1669940, 138
4305, 6, 70, 118, 63, 0, 0.00%, 35, 1, 6, 322.85, 1671592, 138
4310, 6, 70, 119, 64, 0, 0.00%, 35, 1, 6, 324.93, 1673024, 138
4315, 6, 32, 119, 64, 0, 0.00%, 35, 1, 6, 314.92, 1674645, 138
4320, 6, 48, 119, 64, 0, 0.00%, 35, 1, 6, 282.64, 1676017, 138
4325, 6, 48, 119, 64, 0, 0.00%, 35, 1, 6, 312.92, 1677551, 138
4330, 6, 107, 119, 64, 0, 0.00%, 35, 1, 6, 349.44, 1679270, 138
4336, 6, 35, 119, 64, 0, 0.00%, 35, 1, 6, 339.59, 1680900, 138
4341, 6, 32, 119, 64, 0, 0.00%, 35, 1, 6, 320.32, 1682540, 138
4346, 6, 32, 119, 64, 0, 0.00%, 35, 1, 6, 344.88, 1684316, 138
4351, 6, 32, 119, 64, 0, 0.00%, 35, 1, 6, 309.19, 1685865, 138
4356, 6, 32, 119, 64, 0, 0.00%, 35, 1, 6, 311.34, 1687454, 138
4361, 6, 37, 119, 64, 0, 0.00%, 35, 1, 6, 286.57, 1688908, 138
4366, 6, 107, 119, 64, 0, 0.00%, 35, 1, 6, 331.91, 1690594, 138
4371, 6, 107, 119, 64, 0, 0.00%, 35, 1, 6, 290.90, 1692109, 138
4376, 6, 32, 119, 64, 0, 0.00%, 35, 1, 6, 312.44, 1693824, 138
4381, 6, 32, 119, 64, 0, 0.00%, 35, 1, 6, 278.30, 1695054, 138
4386, 6, 68, 119, 64, 0, 0.00%, 35, 1, 6, 277.70, 1696439, 138
4392, 6, 107, 119, 64, 0, 0.00%, 35, 1, 6, 297.87, 1697926, 138
4397, 6, 107, 119, 64, 0, 0.00%, 35, 1, 6, 271.74, 1699359, 138
4402, 6, 32, 119, 64, 0, 0.00%, 35, 1, 6, 290.13, 1700919, 138
4407, 6, 32, 119, 64, 0, 0.00%, 35, 1, 6, 312.86, 1702596, 138
4412, 6, 107, 119, 64, 0, 0.00%, 35, 1, 6, 324.51, 1704183, 138
4417, 6, 32, 119, 64, 0, 0.00%, 35, 1, 6, 266.60, 1705565, 138
4422, 6, 32, 119, 64, 0, 0.00%, 35, 1, 6, 318.43, 1707144, 138
4428, 6, 32, 119, 64, 0, 0.00%, 35, 1, 6, 340.35, 1708815, 138
4433, 6, 32, 119, 64, 0, 0.00%, 35, 1, 6, 296.35, 1710301, 138
4438, 6, 32, 119, 64, 0, 0.00%, 35, 1, 6, 315.13, 1711886, 138
4443, 6, 36, 119, 64, 0, 0.00%, 35, 1, 6, 295.34, 1713286, 138
4448, 6, 36, 119, 64, 0, 0.00%, 35, 1, 6, 272.17, 1714740, 138
4453, 6, 78, 119, 64, 0, 0.00%, 35, 1, 6, 303.00, 1716210, 138
4458, 6, 32, 119, 64, 0, 0.00%, 35, 1, 6, 343.23, 1718100, 138
4464, 6, 116, 119, 64, 0, 0.00%, 35, 1, 6, 317.65, 1719696, 138
4469, 6, 116, 119, 64, 0, 0.00%, 35, 1, 6, 304.23, 1721221, 138
4474, 6, 36, 119, 64, 0, 0.00%, 35, 1, 6, 290.88, 1722726, 138
4479, 6, 75, 119, 64, 0, 0.00%, 35, 1, 6, 275.00, 1724218, 138
4484, 6, 12, 119, 64, 0, 0.00%, 35, 1, 6, 312.63, 1725834, 138
4489, 6, 75, 119, 64, 0, 0.00%, 35, 1, 6, 251.25, 1727079, 138
4495, 6, 107, 119, 64, 0, 0.00%, 35, 1, 6, 293.40, 1728637, 138
4500, 6, 107, 119, 64, 0, 0.00%, 35, 1, 6, 305.35, 1730155, 138
4505, 6, 65, 119, 64, 0, 0.00%, 35, 1, 6, 323.34, 1731857, 138
4510, 6, 65, 119, 64, 0, 0.00%, 35, 1, 6, 305.91, 1733448, 138
4515, 6, 36, 119, 64, 0, 0.00%, 35, 1, 6, 343.12, 1735322, 138
4520, 6, 32, 119, 64, 0, 0.00%, 35, 1, 6, 327.50, 1736866, 138
4525, 6, 32, 119, 64, 0, 0.00%, 35, 1, 6, 289.34, 1738378, 138
4530, 6, 32, 119, 64, 0, 0.00%, 35, 1, 6, 256.90, 1739601, 138
4535, 6, 73, 119, 64, 0, 0.00%, 35, 1, 6, 311.66, 1741296, 138
4541, 6, 75, 119, 64, 0, 0.00%, 35, 1, 6, 305.88, 1742780, 138
4546, 6, 32, 119, 64, 0, 0.00%, 35, 1, 6, 289.20, 1744189, 138
4551, 6, 32, 119, 64, 0, 0.00%, 35, 1, 6, 331.11, 1745963, 138
4556, 6, 32, 119, 64, 0, 0.00%, 35, 1, 6, 329.60, 1747538, 138
4561, 6, 75, 119, 64, 0, 0.00%, 35, 1, 6, 310.02, 1749030, 138
4566, 6, 75, 119, 64, 0, 0.00%, 35, 1, 6, 302.68, 1750529, 138
4571, 6, 48, 119, 64, 0, 0.00%, 35, 1, 6, 218.18, 1751653, 138
4576, 6, 45, 119, 64, 0, 0.00%, 35, 1, 6, 220.05, 1752796, 138
4581, 6, 68, 119, 64, 0, 0.00%, 35, 1, 6, 256.17, 1754078, 138
4587, 6, 114, 119, 64, 0, 0.00%, 35, 1, 6, 380.07, 1756098, 138
4592, 6, 65, 119, 63, 0, 0.00%, 35, 1, 6, 317.67, 1757556, 138
4597, 6, 65, 119, 63, 0, 0.00%, 35, 1, 6, 351.22, 1759398, 138
4602, 6, 36, 119, 63, 0, 0.00%, 35, 1, 6, 342.28, 1761052, 138
4607, 6, 32, 119, 63, 0, 0.00%, 35, 1, 6, 347.00, 1762848, 138
4612, 6, 32, 119, 63, 0, 0.00%, 35, 1, 6, 271.14, 1764170, 138
4617, 6, 78, 119, 63, 0, 0.00%, 35, 1, 6, 298.28, 1765716, 138
4622, 6, 37, 119, 63, 0, 0.00%, 35, 1, 6, 319.70, 1767338, 138
4627, 6, 32, 119, 63, 0, 0.00%, 35, 1, 6, 277.53, 1768691, 138
4632, 6, 32, 119, 63, 0, 0.00%, 35, 1, 6, 318.48, 1770231, 138
4637, 6, 36, 119, 63, 0, 0.00%, 35, 1, 6, 326.29, 1771921, 138
4642, 6, 32, 119, 63, 0, 0.00%, 35, 1, 6, 378.26, 1773816, 138
4647, 6, 32, 119, 63, 0, 0.00%, 35, 1, 6, 365.15, 1775560, 138
4653, 6, 36, 119, 63, 0, 0.00%, 35, 1, 6, 345.85, 1777319, 138
4658, 6, 32, 119, 63, 0, 0.00%, 35, 1, 6, 302.18, 1778783, 138
4663, 6, 32, 119, 63, 0, 0.00%, 35, 1, 6, 378.90, 1780821, 138
4668, 6, 32, 119, 63, 0, 0.00%, 35, 1, 6, 361.61, 1782496, 138
4673, 6, 78, 119, 63, 0, 0.00%, 35, 1, 6, 292.10, 1784020, 138
4678, 6, 36, 119, 63, 0, 0.00%, 35, 1, 6, 303.18, 1785625, 138
4683, 6, 37, 119, 63, 0, 0.00%, 35, 1, 6, 293.01, 1787179, 138
4688, 6, 70, 119, 63, 0, 0.00%, 35, 1, 6, 326.02, 1788891, 138
4693, 6, 70, 119, 63, 0, 0.00%, 35, 1, 6, 330.35, 1790450, 138
4698, 6, 70, 119, 63, 0, 0.00%, 35, 1, 6, 295.94, 1791946, 138
4704, 6, 107, 119, 63, 0, 0.00%, 35, 1, 6, 337.53, 1793641, 138
4709, 6, 32, 119, 63, 0, 0.00%, 35, 1, 6, 321.16, 1795293, 138
4714, 6, 32, 119, 63, 0, 0.00%, 35, 1, 6, 352.92, 1797029, 138
4719, 6, 32, 119, 63, 0, 0.00%, 35, 1, 6, 308.67, 1798591, 138
4724, 6, 24, 119, 63, 0, 0.00%, 35, 1, 6, 314.98, 1800102, 138
4729, 6, 32, 119, 63, 0, 0.00%, 35, 1, 6, 338.88, 1801723, 138
4734, 6, 78, 119, 62, 0, 0.00%, 35, 1, 6, 327.13, 1803281, 138
4739, 6, 36, 119, 62, 0, 0.00%, 35, 1, 6, 366.39, 1805067, 138
4744, 6, 78, 119, 62, 0, 0.00%, 35, 1, 6, 336.64, 1806678, 138
4749, 6, 32, 119, 62, 0, 0.00%, 35, 1, 6, 369.95, 1808603, 138
4755, 6, 32, 119, 62, 0, 0.00%, 35, 1, 6, 307.26, 1809908, 138
4760, 6, 48, 119, 62, 0, 0.00%, 35, 1, 6, 319.60, 1811589, 138
4765, 6, 92, 119, 62, 0, 0.00%, 35, 1, 6, 345.87, 1813413, 138
4770, 6, 92, 119, 62, 0, 0.00%, 35, 1, 6, 309.78, 1814913, 138
4775, 6, 92, 119, 62, 0, 0.00%, 35, 1, 6, 250.69, 1816112, 138
4780, 6, 92, 119, 62, 0, 0.00%, 35, 1, 6, 295.27, 1817546, 138
4785, 6, 36, 119, 61, 0, 0.00%, 35, 1, 6, 333.63, 1819179, 138
4790, 6, 57, 119, 61, 0, 0.00%, 35, 1, 6, 356.43, 1821206, 138
4795, 6, 32, 119, 61, 0, 0.00%, 35, 1, 6, 316.67, 1822780, 138
4801, 6, 32, 119, 61, 0, 0.00%, 35, 1, 6, 300.62, 1824286, 138
4806, 6, 48, 119, 61, 0, 0.00%, 35, 1, 6, 355.76, 1826069, 138
4811, 6, 32, 119, 61, 0, 0.00%, 35, 1, 6, 274.99, 1827291, 138
4816, 6, 32, 119, 61, 0, 0.00%, 35, 1, 6, 293.94, 1828739, 138
4821, 6, 32, 119, 61, 0, 0.00%, 35, 1, 6, 346.69, 1830598, 138
4826, 6, 32, 119, 61, 0, 0.00%, 35, 1, 6, 377.01, 1832425, 138
4831, 6, 32, 119, 61, 0, 0.00%, 35, 1, 6, 309.14, 1834078, 138
4836, 6, 70, 119, 61, 0, 0.00%, 35, 1, 6, 327.10, 1835720, 138
4842, 6, 70, 119, 61, 0, 0.00%, 35, 1, 6, 312.38, 1837385, 138
4847, 6, 48, 119, 61, 0, 0.00%, 35, 1, 6, 330.68, 1838957, 138
4852, 6, 32, 119, 61, 0, 0.00%, 35, 1, 6, 314.94, 1840440, 138
4857, 6, 32, 119, 61, 0, 0.00%, 35, 1, 6, 305.68, 1841958, 138
4862, 6, 107, 119, 61, 0, 0.00%, 35, 1, 6, 311.05, 1843525, 138
4867, 6, 32, 119, 61, 0, 0.00%, 35, 1, 6, 315.26, 1845123, 138
4872, 6, 32, 119, 61, 0, 0.00%, 35, 1, 6, 282.49, 1846589, 138
4877, 6, 57, 119, 61, 0, 0.00%, 35, 1, 6, 296.81, 1848220, 138
4882, 6, 107, 119, 61, 0, 0.00%, 35, 1, 6, 321.88, 1850028, 138
4888, 6, 107, 119, 61, 0, 0.00%, 35, 1, 6, 285.02, 1851543, 138
4893, 6, 78, 119, 61, 0, 0.00%, 35, 1, 6, 259.05, 1852888, 138
4898, 6, 65, 119, 61, 0, 0.00%, 35, 1, 6, 329.77, 1854776, 138
4903, 6, 65, 119, 61, 0, 0.00%, 35, 1, 6, 333.43, 1856268, 138
4908, 6, 0, 119, 61, 0, 0.00%, 35, 1, 6, 370.25, 1858190, 138
4913, 6, 81, 119, 61, 0, 0.00%, 35, 1, 6, 299.08, 1859593, 138
4918, 6, 81, 119, 61, 0, 0.00%, 35, 1, 6, 281.51, 1860897, 138
4924, 6, 81, 119, 61, 0, 0.00%, 35, 1, 6, 329.37, 1862533, 138
4929, 6, 81, 119, 61, 0, 0.00%, 35, 1, 6, 320.98, 1864147, 138
4934, 6, 81, 119, 61, 0, 0.00%, 35, 1, 6, 282.19, 1865401, 138
4939, 6, 32, 119, 61, 0, 0.00%, 35, 1, 6, 361.69, 1867293, 138
4944, 6, 75, 119, 61, 0, 0.00%, 35, 1, 6, 361.24, 1868991, 138
4949, 6, 78, 119, 61, 0, 0.00%, 35, 1, 6, 324.07, 1870457, 138
4954, 6, 78, 119, 61, 0, 0.00%, 35, 1, 6, 301.27, 1871907, 138
4959, 6, 36, 119, 61, 0, 0.00%, 35, 1, 6, 290.09, 1873389, 138
4964, 6, 36, 119, 61, 0, 0.00%, 35, 1, 6, 332.58, 1875056, 138
4970, 6, 32, 119, 61, 0, 0.00%, 35, 1, 6, 360.09, 1876851, 138
4975, 6, 116, 119, 61, 0, 0.00%, 35, 1, 6, 361.09, 1878550, 138
4980, 6, 116, 119, 61, 0, 0.00%, 35, 1, 6, 257.91, 1879786, 138
4985, 6, 66, 119, 61, 0, 0.00%, 35, 1, 6, 320.49, 1881524, 138
4990, 6, 107, 119, 61, 0, 0.00%, 35, 1, 6, 293.10, 1882948, 138
4995, 6, 107, 119, 61, 0, 0.00%, 35, 1, 6, 271.74, 1884356, 138
5000, 6, 107, 119, 61, 0, 0.00%, 35, 1, 6, 263.00, 1885766, 138
5005, 6, 107, 119, 61, 0, 0.00%, 35, 1, 6, 248.91, 1887034, 138
5011, 6, 107, 119, 61, 0, 0.00%, 35, 1, 6, 274.08, 1888514, 138
5016, 6, 107, 119, 61, 0, 0.00%, 35, 1, 6, 272.05, 1889822, 138
5021, 6, 116, 119, 61, 0, 0.00%, 35, 1, 6, 254.43, 1891054, 138
5026, 6, 116, 119, 61, 0, 0.00%, 35, 1, 6, 298.88, 1892595, 138
5031, 6, 32, 119, 61, 0, 0.00%, 35, 1, 6, 258.82, 1893893, 138
5036, 6, 32, 119, 61, 0, 0.00%, 35, 1, 6, 295.15, 1895486, 138
5041, 6, 32, 119, 61, 0, 0.00%, 35, 1, 6, 348.90, 1897317, 138
5046, 6, 69, 119, 61, 0, 0.00%, 35, 1, 6, 166.46, 1898822, 138
5052, 6, 69, 120, 62, 0, 0.00%, 35, 1, 6, 241.59, 1900282, 138
5057, 6, 48, 120, 62, 0, 0.00%, 35, 1, 6, 273.03, 1901770, 138
5062, 6, 48, 120, 62, 0, 0.00%, 35, 1, 6, 294.83, 1903199, 138
5067, 6, 32, 120, 62, 0, 0.00%, 35, 1, 6, 342.44, 1904959, 138
5072, 6, 32, 120, 62, 0, 0.00%, 35, 1, 6, 344.60, 1906719, 138
5077, 6, 32, 120, 62, 0, 0.00%, 35, 1, 6, 343.74, 1908586, 138
5082, 6, 32, 120, 62, 0, 0.00%, 35, 1, 6, 304.28, 1910141, 138
5088, 6, 107, 120, 62, 0, 0.00%, 35, 1, 6, 291.83, 1911619, 138
5093, 6, 107, 120, 62, 0, 0.00%, 35, 1, 6, 330.08, 1913408, 138
5098, 6, 107, 120, 62, 0, 0.00%, 35, 1, 6, 315.81, 1914975, 138
5103, 6, 32, 120, 62, 0, 0.00%, 35, 1, 6, 304.67, 1916503, 138
5108, 6, 32, 120, 62, 0, 0.00%, 35, 1, 6, 306.40, 1917883, 138
5113, 6, 32, 120, 62, 0, 0.00%, 35, 1, 6, 272.60, 1919168, 138
5118, 6, 32, 120, 62, 0, 0.00%, 35, 1, 6, 286.53, 1920641, 138
5123, 7, 70, 120, 62, 0, 0.00%, 35, 1, 6, 320.83, 1922295, 138
5128, 7, 70, 120, 62, 0, 0.00%, 35, 1, 6, 297.71, 1923841, 138
5134, 7, 81, 120, 62, 0, 0.00%, 35, 1, 6, 308.05, 1925396, 138
5139, 7, 81, 120, 62, 0, 0.00%, 35, 1, 6, 302.44, 1926801, 138
5144, 7, 81, 120, 62, 0, 0.00%, 35, 1, 6, 338.13, 1928576, 138
5149, 7, 81, 120, 62, 0, 0.00%, 35, 1, 6, 275.84, 1929983, 138
5154, 7, 32, 120, 62, 0, 0.00%, 35, 1, 6, 296.08, 1931483, 138
5159, 7, 32, 120, 62, 0, 0.00%, 35, 1, 6, 283.49, 1932971, 138
5164, 7, 32, 120, 62, 0, 0.00%, 35, 1, 6, 335.02, 1934710, 138
5169, 7, 32, 120, 62, 0, 0.00%, 35, 1, 6, 323.63, 1936331, 138
5175, 7, 107, 120, 62, 0, 0.00%, 35, 1, 6, 298.09, 1937701, 138
5180, 7, 107, 120, 62, 0, 0.00%, 35, 1, 6, 248.35, 1938969, 138
5185, 7, 70, 120, 62, 0, 0.00%, 35, 1, 6, 319.24, 1940545, 138
5190, 7, 70, 120, 62, 0, 0.00%, 35, 1, 6, 318.33, 1942078, 138
5195, 7, 32, 120, 62, 0, 0.00%, 35, 1, 6, 307.95, 1943574, 138
5200, 7, 32, 120, 62, 0, 0.00%, 35, 1, 6, 328.40, 1945179, 138
5205, 7, 75, 120, 62, 0, 0.00%, 35, 1, 6, 289.38, 1946531, 138
5210, 7, 75, 120, 62, 0, 0.00%, 35, 1, 6, 257.55, 1947829, 138
5215, 7, 36, 120, 62, 0, 0.00%, 35, 1, 6, 310.49, 1949332, 138
5220, 7, 32, 120, 62, 0, 0.00%, 35, 1, 6, 348.38, 1951023, 138
5225, 7, 32, 120, 62, 0, 0.00%, 35, 1, 6, 349.52, 1952799, 138
5230, 7, 32, 120, 62, 0, 0.00%, 35, 1, 6, 301.91, 1954242, 138
5236, 7, 78, 120, 62, 0, 0.00%, 35, 1, 6, 348.55, 1956084, 138
5241, 7, 75, 120, 62, 0, 0.00%, 35, 1, 6, 321.64, 1957610, 138
5246, 7, 69, 120, 62, 0, 0.00%, 35, 1, 6, 256.28, 1958987, 138
5251, 7, 69, 120, 62, 0, 0.00%, 35, 1, 6, 308.79, 1960635, 138
5256, 7, 75, 120, 62, 0, 0.00%, 35, 1, 6, 346.66, 1962405, 138
5261, 7, 78, 120, 62, 0, 0.00%, 35, 1, 6, 329.21, 1964160, 138
5266, 7, 32, 120, 62, 0, 0.00%, 35, 1, 6, 366.35, 1966043, 138
5272, 7, 32, 120, 62, 0, 0.00%, 35, 1, 6, 347.58, 1967764, 138
5277, 7, 107, 120, 62, 0, 0.00%, 35, 1, 6, 289.00, 1969156, 138
5282, 7, 99, 120, 62, 0, 0.00%, 35, 1, 6, 310.22, 1970619, 138
5287, 7, 99, 120, 62, 0, 0.00%, 35, 1, 6, 308.74, 1972072, 138
5292, 7, 24, 120, 61, 0, 0.00%, 35, 1, 6, 272.30, 1973489, 138
5297, 7, 68, 120, 61, 0, 0.00%, 35, 1, 6, 322.47, 1975006, 138
5302, 7, 81, 120, 61, 0, 0.00%, 35, 1, 6, 266.11, 1976343, 138
5307, 7, 81, 120, 61, 0, 0.00%, 35, 1, 6, 291.37, 1977983, 138
5312, 7, 81, 120, 61, 0, 0.00%, 35, 1, 6, 354.44, 1979843, 138
5317, 7, 81, 120, 61, 0, 0.00%, 35, 1, 6, 338.41, 1981445, 138
5322, 7, 81, 120, 61, 0, 0.00%, 35, 1, 6, 275.19, 1982740, 138
5327, 7, 81, 120, 61, 0, 0.00%, 35, 1, 6, 247.83, 1984095, 138
5333, 7, 81, 120, 61, 0, 0.00%, 35, 1, 6, 274.24, 1985526, 138
5338, 7, 81, 120, 61, 0, 0.00%, 35, 1, 6, 324.20, 1987109, 138
5343, 7, 81, 120, 61, 0, 0.00%, 35, 1, 6, 336.15, 1988849, 138
5348, 7, 69, 120, 61, 0, 0.00%, 35, 1, 6, 254.58, 1990112, 138
5353, 7, 69, 120, 61, 0, 0.00%, 35, 1, 6, 346.91, 1992004, 138
5358, 7, 70, 120, 61, 0, 0.00%, 35, 1, 6, 295.88, 1993462, 138
5363, 7, 70, 120, 61, 0, 0.00%, 35, 1, 6, 290.96, 1995091, 138
5368, 7, 70, 120, 61, 0, 0.00%, 35, 1, 6, 218.51, 1996021, 138
5373, 7, 32, 120, 61, 0, 0.00%, 35, 1, 6, 173.79, 1996869, 138
5379, 7, 32, 120, 61, 0, 0.00%, 35, 1, 6, 215.65, 1997950, 138
5384, 7, 27, 120, 61, 0, 0.00%, 35, 1, 6, 215.09, 1999092, 138
5389, 7, 32, 120, 61, 0, 0.00%, 35, 1, 6, 224.71, 2000258, 138
5394, 7, 32, 120, 61, 0, 0.00%, 35, 1, 6, 204.73, 2001264, 138
5399, 7, 32, 120, 61, 0, 0.00%, 35, 1, 6, 209.26, 2002333, 138
5404, 7, 32, 120, 61, 0, 0.00%, 35, 1, 6, 225.70, 2003454, 138
5409, 7, 75, 120, 61, 0, 0.00%, 35, 1, 6, 260.91, 2004881, 138
5414, 7, 75, 120, 61, 0, 0.00%, 35, 1, 6, 269.09, 2006176, 138
5420, 7, 78, 120, 61, 0, 0.00%, 35, 1, 6, 284.96, 2007589, 138
5425, 7, 32, 120, 61, 0, 0.00%, 35, 1, 6, 338.20, 2009343, 138
5430, 7, 116, 120, 61, 0, 0.00%, 35, 1, 6, 292.96, 2010847, 138
5435, 7, 116, 120, 61, 0, 0.00%, 35, 1, 6, 332.84, 2012560, 138
5440, 7, 57, 120, 61, 0, 0.00%, 35, 1, 6, 311.38, 2014069, 138
5445, 7, 32, 120, 61, 0, 0.00%, 35, 1, 6, 333.72, 2015691, 138
5450, 7, 16, 120, 61, 0, 0.00%, 35, 1, 6, 394.87, 2017734, 138
5455, 7, 57, 120, 61, 0, 0.00%, 35, 1, 6, 339.06, 2019344, 138
5460, 7, 66, 120, 61, 0, 0.00%, 35, 1, 6, 333.83, 2021121, 138
5466, 7, 66, 120, 61, 0, 0.00%, 35, 1, 6, 300.14, 2022610, 138
5471, 7, 32, 120, 61, 0, 0.00%, 35, 1, 6, 333.73, 2024233, 138
5476, 7, 32, 120, 61, 0, 0.00%, 35, 1, 6, 139.82, 2025338, 138
5481, 7, 70, 120, 61, 0, 0.00%, 35, 1, 6, 348.68, 2027343, 138
5486, 7, 70, 120, 61, 0, 0.00%, 35, 1, 6, 364.38, 2029223, 138
5491, 7, 99, 120, 61, 0, 0.00%, 35, 1, 6, 327.98, 2030924, 138
5497, 7, 99, 120, 61, 0, 0.00%, 35, 1, 6, 81.77, 2032409, 138
5502, 7, 32, 120, 61, 0, 0.00%, 35, 1, 6, 293.96, 2034068, 138
5507, 7, 32, 120, 61, 0, 0.00%, 35, 1, 6, 369.20, 2035975, 138
5512, 7, 32, 120, 61, 0, 0.00%, 35, 1, 6, 329.26, 2037591, 138
5517, 7, 32, 120, 61, 0, 0.00%, 35, 1, 6, 334.58, 2039347, 138
5522, 7, 27, 120, 61, 0, 0.00%, 35, 1, 6, 357.69, 2041165, 138
5527, 7, 66, 120, 61, 0, 0.00%, 35, 1, 6, 335.32, 2042823, 138
5532, 7, 99, 120, 61, 0, 0.00%, 35, 1, 6, 215.94, 2043891, 138
5537, 7, 99, 120, 61, 0, 0.00%, 35, 1, 6, 190.55, 2044918, 138
5542, 7, 99, 120, 61, 0, 0.00%, 35, 1, 6, 208.31, 2045942, 138
5548, 7, 32, 120, 61, 0, 0.00%, 35, 1, 6, 331.50, 2047725, 138
5553, 7, 73, 120, 61, 0, 0.00%, 35, 1, 6, 315.26, 2049280, 138
5558, 7, 32, 120, 61, 0, 0.00%, 35, 1, 6, 349.78, 2051078, 138
5563, 7, 69, 120, 61, 0, 0.00%, 35, 1, 6, 353.07, 2052798, 138
5568, 7, 69, 120, 61, 0, 0.00%, 35, 1, 6, 381.65, 2054672, 138
5573, 7, 36, 120, 61, 0, 0.00%, 35, 1, 6, 303.80, 2056127, 138
5578, 7, 36, 120, 61, 0, 0.00%, 35, 1, 6, 286.60, 2057480, 138
5583, 7, 36, 120, 61, 0, 0.00%, 35, 1, 6, 314.63, 2059099, 138
5589, 7, 99, 120, 61, 0, 0.00%, 35, 1, 6, 370.16, 2060872, 138
5594, 7, 57, 120, 61, 0, 0.00%, 35, 1, 6, 318.14, 2062428, 138
5599, 7, 32, 120, 61, 0, 0.00%, 35, 1, 6, 334.69, 2064272, 138
5604, 7, 32, 120, 61, 0, 0.00%, 35, 1, 6, 356.93, 2065958, 138
5609, 7, 32, 120, 61, 0, 0.00%, 35, 1, 6, 234.23, 2067101, 138
5614, 7, 32, 120, 61, 0, 0.00%, 35, 1, 6, 232.40, 2068168, 138
5619, 7, 32, 120, 61, 0, 0.00%, 35, 1, 6, 303.82, 2069739, 138
5624, 7, 32, 120, 61, 0, 0.00%, 35, 1, 6, 258.12, 2071047, 138
5629, 7, 32, 120, 61, 0, 0.00%, 35, 1, 6, 318.02, 2072688, 138
5634, 7, 32, 120, 61, 0, 0.00%, 35, 1, 6, 253.58, 2073895, 138
5640, 7, 32, 120, 61, 0, 0.00%, 35, 1, 6, 318.24, 2075575, 138
5645, 7, 32, 120, 61, 0, 0.00%, 35, 1, 6, 265.59, 2076888, 138
5650, 7, 32, 120, 61, 0, 0.00%, 35, 1, 6, 273.33, 2078346, 138
5655, 7, 32, 120, 61, 0, 0.00%, 35, 1, 6, 207.43, 2079243, 138
5660, 7, 32, 120, 61, 0, 0.00%, 35, 1, 6, 380.14, 2081355, 138
5665, 7, 36, 120, 61, 0, 0.00%, 35, 1, 6, 358.66, 2083003, 138
5670, 7, 36, 120, 61, 0, 0.00%, 35, 1, 6, 310.72, 2084571, 138
5675, 7, 32, 120, 61, 0, 0.00%, 35, 1, 6, 261.04, 2085832, 138
5680, 7, 36, 120, 61, 0, 0.00%, 35, 1, 6, 299.03, 2087417, 138
5685, 7, 36, 120, 61, 0, 0.00%, 35, 1, 6, 277.09, 2088851, 138
5691, 7, 99, 120, 61, 0, 0.00%, 35, 1, 6, 348.99, 2090689, 138
5696, 7, 47, 120, 61, 0, 0.00%, 35, 1, 6, 340.54, 2092449, 138
5701, 7, 32, 120, 61, 0, 0.00%, 35, 1, 6, 264.62, 2093685, 138
5706, 7, 32, 120, 61, 0, 0.00%, 35, 1, 6, 294.66, 2095209, 138
5711, 7, 66, 120, 61, 0, 0.00%, 35, 1, 6, 300.87, 2096735, 138
5716, 7, 32, 120, 61, 0, 0.00%, 35, 1, 6, 355.38, 2098443, 138
5721, 7, 32, 120, 61, 0, 0.00%, 35, 1, 6, 326.20, 2100131, 138
5727, 7, 32, 120, 61, 0, 0.00%, 35, 1, 6, 317.96, 2101752, 138
5732, 7, 32, 120, 61, 0, 0.00%, 35, 1, 6, 324.95, 2103441, 138
5737, 7, 32, 120, 61, 0, 0.00%, 35, 1, 6, 313.09, 2104899, 138
5742, 7, 32, 120, 61, 0, 0.00%, 35, 1, 6, 294.83, 2106452, 138
5747, 7, 73, 120, 61, 0, 0.00%, 35, 1, 6, 272.34, 2107851, 138
5752, 7, 75, 120, 61, 0, 0.00%, 35, 1, 6, 339.86, 2109622, 138
5757, 7, 32, 120, 61, 0, 0.00%, 35, 1, 6, 315.36, 2111043, 138
5762, 7, 32, 120, 61, 0, 0.00%, 35, 1, 6, 302.12, 2112508, 138
5767, 7, 32, 120, 61, 0, 0.00%, 35, 1, 6, 261.25, 2113916, 138
5772, 7, 75, 120, 61, 0, 0.00%, 35, 1, 6, 296.29, 2115406, 138
5777, 7, 75, 120, 61, 0, 0.00%, 35, 1, 6, 275.21, 2116902, 138
5783, 7, 32, 120, 61, 0, 0.00%, 35, 1, 6, 338.47, 2118740, 138
5788, 7, 36, 120, 61, 0, 0.00%, 35, 1, 6, 340.39, 2120466, 138
5793, 7, 65, 120, 61, 0, 0.00%, 35, 1, 6, 365.81, 2122320, 138
5798, 7, 65, 120, 61, 0, 0.00%, 35, 1, 6, 251.87, 2123501, 138
5803, 7, 65, 120, 61, 0, 0.00%, 35, 1, 6, 232.12, 2124637, 138
5808, 7, 32, 120, 61, 0, 0.00%, 35, 1, 6, 229.76, 2125808, 138
5813, 7, 32, 120, 61, 0, 0.00%, 35, 1, 6, 191.75, 2126890, 138
5818, 7, 32, 120, 61, 0, 0.00%, 35, 1, 6, 183.49, 2127800, 138
5821, 7, 32, 120, 61, 0, 0.00%, 35, 1, 6, 184.08, 2128274, 138
