# relative_time, cycles_done, cur_item, corpus_count, pending_total, pending_favs, map_size, saved_crashes, saved_hangs, max_depth, execs_per_sec, total_execs, edges_found
60, 4, 1, 5, 0, 0, 0.00%, 0, 0, 1, 926.99, 53869, 2
66, 4, 1, 5, 0, 0, 0.00%, 0, 0, 1, 926.32, 58535, 2
71, 5, 1, 5, 0, 0, 0.00%, 0, 0, 1, 935.18, 63239, 2
76, 5, 1, 5, 0, 0, 0.00%, 0, 0, 1, 921.58, 67871, 2
81, 5, 1, 5, 0, 0, 0.00%, 0, 0, 1, 935.00, 72591, 2
86, 6, 1, 5, 0, 0, 0.00%, 0, 0, 1, 930.98, 77295, 2
91, 6, 1, 5, 0, 0, 0.00%, 0, 0, 1, 931.95, 81981, 2
96, 7, 1, 5, 0, 0, 0.00%, 0, 0, 1, 942.21, 86719, 2
101, 7, 1, 5, 0, 0, 0.00%, 0, 0, 1, 925.82, 91369, 2
106, 7, 1, 5, 0, 0, 0.00%, 0, 0, 1, 911.32, 95965, 2
111, 8, 1, 5, 0, 0, 0.00%, 0, 0, 1, 925.03, 100649, 2
116, 8, 1, 5, 0, 0, 0.00%, 0, 0, 1, 932.62, 105353, 2
121, 9, 1, 5, 0, 0, 0.00%, 0, 0, 1, 933.21, 110057, 2
126, 9, 1, 5, 0, 0, 0.00%, 0, 0, 1, 931.51, 114759, 2
131, 9, 1, 5, 0, 0, 0.00%, 0, 0, 1, 931.86, 119463, 2
136, 10, 1, 5, 0, 0, 0.00%, 0, 0, 1, 937.52, 124221, 2
141, 10, 1, 5, 0, 0, 0.00%, 0, 0, 1, 931.75, 128905, 2
146, 10, 1, 5, 0, 0, 0.00%, 0, 0, 1, 936.17, 133645, 2
151, 11, 1, 5, 0, 0, 0.00%, 0, 0, 1, 939.35, 138511, 2
156, 11, 1, 5, 0, 0, 0.00%, 0, 0, 1, 941.73, 143249, 2
161, 12, 1, 5, 0, 0, 0.00%, 0, 0, 1, 928.85, 147899, 2
167, 12, 1, 5, 0, 0, 0.00%, 0, 0, 1, 927.08, 152603, 2
172, 12, 1, 5, 0, 0, 0.00%, 0, 0, 1, 932.89, 157323, 2
177, 13, 1, 5, 0, 0, 0.00%, 0, 0, 1, 938.53, 162063, 2
182, 13, 1, 5, 0, 0, 0.00%, 0, 0, 1, 926.70, 166713, 2
187, 13, 1, 5, 0, 0, 0.00%, 0, 0, 1, 937.48, 171451, 2
192, 14, 1, 5, 0, 0, 0.00%, 0, 0, 1, 937.45, 176191, 2
197, 14, 1, 5, 0, 0, 0.00%, 0, 0, 1, 937.61, 180895, 2
202, 15, 1, 5, 0, 0, 0.00%, 0, 0, 1, 933.63, 185597, 2
207, 15, 1, 5, 0, 0, 0.00%, 0, 0, 1, 921.67, 190247, 2
212, 15, 1, 5, 0, 0, 0.00%, 0, 0, 1, 932.67, 194969, 2
217, 16, 1, 5, 0, 0, 0.00%, 0, 0, 1, 934.62, 199689, 2
222, 16, 1, 5, 0, 0, 0.00%, 0, 0, 1, 928.33, 204375, 2
227, 17, 1, 5, 0, 0, 0.00%, 0, 0, 1, 881.84, 208845, 2
232, 17, 1, 5, 0, 0, 0.00%, 0, 0, 1, 766.72, 212839, 2
237, 17, 1, 5, 0, 0, 0.00%, 0, 0, 1, 665.78, 216151, 2
242, 17, 1, 5, 0, 0, 0.00%, 0, 0, 1, 685.55, 219566, 2
247, 18, 1, 5, 0, 0, 0.00%, 0, 0, 1, 873.13, 224332, 2
253, 18, 1, 5, 0, 0, 0.00%, 0, 0, 1, 694.14, 227761, 2
258, 18, 1, 5, 0, 0, 0.00%, 0, 0, 1, 700.30, 231332, 2
263, 19, 1, 5, 0, 0, 0.00%, 0, 0, 1, 680.95, 235033, 2
268, 19, 1, 5, 0, 0, 0.00%, 0, 0, 1, 584.53, 237919, 2
273, 19, 1, 5, 0, 0, 0.00%, 0, 0, 1, 657.92, 241473, 2
278, 19, 1, 5, 0, 0, 0.00%, 0, 0, 1, 700.71, 245083, 2
283, 20, 1, 5, 0, 0, 0.00%, 0, 0, 1, 651.59, 248435, 2
288, 20, 1, 5, 0, 0, 0.00%, 0, 0, 1, 625.48, 251667, 2
293, 20, 1, 5, 0, 0, 0.00%, 0, 0, 1, 616.36, 254767, 2
299, 20, 1, 5, 0, 0, 0.00%, 0, 0, 1, 665.10, 258264, 2
308, 21, 1, 5, 0, 0, 0.00%, 0, 0, 1, 30.77, 261367, 2
313, 21, 1, 5, 0, 0, 0.00%, 0, 0, 1, 539.75, 264143, 2
318, 21, 1, 5, 0, 0, 0.00%, 0, 0, 1, 596.92, 267127, 2
323, 22, 1, 5, 0, 0, 0.00%, 0, 0, 1, 674.20, 270663, 2
328, 22, 1, 5, 0, 0, 0.00%, 0, 0, 1, 511.77, 273133, 2
333, 22, 1, 5, 0, 0, 0.00%, 0, 0, 1, 615.30, 276295, 2
338, 22, 1, 5, 0, 0, 0.00%, 0, 0, 1, 629.76, 279610, 2
343, 22, 1, 5, 0, 0, 0.00%, 0, 0, 1, 537.53, 282212, 2
348, 23, 1, 5, 0, 0, 0.00%, 0, 0, 1, 636.28, 285617, 2
353, 23, 1, 5, 0, 0, 0.00%, 0, 0, 1, 694.45, 289116, 2
358, 23, 1, 5, 0, 0, 0.00%, 0, 0, 1, 631.04, 292225, 2
363, 23, 1, 5, 0, 0, 0.00%, 0, 0, 1, 582.69, 295124, 2
368, 24, 1, 5, 0, 0, 0.00%, 0, 0, 1, 582.01, 298051, 2
373, 24, 1, 5, 0, 0, 0.00%, 0, 0, 1, 590.69, 301011, 2
379, 24, 1, 5, 0, 0, 0.00%, 0, 0, 1, 586.93, 304075, 2
384, 24, 1, 5, 0, 0, 0.00%, 0, 0, 1, 588.96, 307123, 2
389, 25, 1, 5, 0, 0, 0.00%, 0, 0, 1, 578.70, 310116, 2
394, 25, 1, 5, 0, 0, 0.00%, 0, 0, 1, 585.65, 313153, 2
399, 25, 1, 5, 0, 0, 0.00%, 0, 0, 1, 583.16, 316052, 2
404, 25, 1, 5, 0, 0, 0.00%, 0, 0, 1, 572.37, 319001, 2
409, 26, 1, 5, 0, 0, 0.00%, 0, 0, 1, 559.13, 321823, 2
414, 26, 1, 5, 0, 0, 0.00%, 0, 0, 1, 555.25, 324585, 2
419, 26, 1, 5, 0, 0, 0.00%, 0, 0, 1, 520.68, 327209, 2
424, 26, 1, 5, 0, 0, 0.00%, 0, 0, 1, 521.52, 329795, 2
430, 27, 1, 5, 0, 0, 0.00%, 0, 0, 1, 536.72, 332607, 2
435, 27, 1, 5, 0, 0, 0.00%, 0, 0, 1, 551.86, 335412, 2
440, 27, 1, 5, 0, 0, 0.00%, 0, 0, 1, 545.59, 338225, 2
445, 27, 1, 5, 0, 0, 0.00%, 0, 0, 1, 546.03, 340996, 2
450, 27, 1, 5, 0, 0, 0.00%, 0, 0, 1, 553.56, 343791, 2
455, 28, 1, 5, 0, 0, 0.00%, 0, 0, 1, 558.30, 346674, 2
460, 28, 1, 5, 0, 0, 0.00%, 0, 0, 1, 572.33, 349573, 2
465, 28, 1, 5, 0, 0, 0.00%, 0, 0, 1, 561.65, 352379, 2
470, 28, 1, 5, 0, 0, 0.00%, 0, 0, 1, 543.98, 355109, 2
475, 29, 1, 5, 0, 0, 0.00%, 0, 0, 1, 550.32, 357864, 2
480, 29, 1, 5, 0, 0, 0.00%, 0, 0, 1, 558.34, 360686, 2
485, 29, 1, 5, 0, 0, 0.00%, 0, 0, 1, 559.44, 363624, 2
491, 29, 1, 5, 0, 0, 0.00%, 0, 0, 1, 541.75, 366401, 2
496, 29, 1, 5, 0, 0, 0.00%, 0, 0, 1, 522.62, 369097, 2
501, 30, 1, 5, 0, 0, 0.00%, 0, 0, 1, 506.70, 371659, 2
506, 30, 1, 5, 0, 0, 0.00%, 0, 0, 1, 530.41, 374345, 2
511, 30, 1, 5, 0, 0, 0.00%, 0, 0, 1, 468.10, 376642, 2
516, 30, 1, 5, 0, 0, 0.00%, 0, 0, 1, 524.58, 379293, 2
521, 31, 1, 5, 0, 0, 0.00%, 0, 0, 1, 539.16, 382005, 2
526, 31, 1, 5, 0, 0, 0.00%, 0, 0, 1, 548.28, 384871, 2
531, 31, 1, 5, 0, 0, 0.00%, 0, 0, 1, 523.29, 387543, 2
537, 31, 1, 5, 0, 0, 0.00%, 0, 0, 1, 539.67, 390369, 2
542, 31, 1, 5, 0, 0, 0.00%, 0, 0, 1, 534.56, 393041, 2
547, 32, 1, 5, 0, 0, 0.00%, 0, 0, 1, 549.14, 395867, 2
552, 32, 1, 5, 0, 0, 0.00%, 0, 0, 1, 560.27, 398680, 2
557, 32, 1, 5, 0, 0, 0.00%, 0, 0, 1, 546.68, 401481, 2
562, 32, 1, 5, 0, 0, 0.00%, 0, 0, 1, 556.14, 404242, 2
567, 33, 1, 5, 0, 0, 0.00%, 0, 0, 1, 576.03, 407224, 2
572, 33, 1, 5, 0, 0, 0.00%, 0, 0, 1, 544.13, 410005, 2
577, 33, 1, 5, 0, 0, 0.00%, 0, 0, 1, 549.27, 412896, 2
583, 33, 1, 5, 0, 0, 0.00%, 0, 0, 1, 548.40, 415729, 2
588, 33, 1, 5, 0, 0, 0.00%, 0, 0, 1, 535.50, 418505, 2
593, 34, 1, 5, 0, 0, 0.00%, 0, 0, 1, 531.63, 421247, 2
598, 34, 1, 5, 0, 0, 0.00%, 0, 0, 1, 508.97, 423753, 2
603, 34, 1, 5, 0, 0, 0.00%, 0, 0, 1, 513.26, 426445, 2
608, 34, 1, 5, 0, 0, 0.00%, 0, 0, 1, 604.47, 429649, 2
613, 35, 1, 5, 0, 0, 0.00%, 0, 0, 1, 621.95, 432795, 2
618, 35, 1, 5, 0, 0, 0.00%, 0, 0, 1, 646.25, 436175, 2
624, 35, 1, 5, 0, 0, 0.00%, 0, 0, 1, 584.42, 439343, 2
629, 35, 1, 5, 0, 0, 0.00%, 0, 0, 1, 713.04, 442823, 2
634, 36, 1, 5, 0, 0, 0.00%, 0, 0, 1, 695.21, 446357, 2
639, 36, 1, 5, 0, 0, 0.00%, 0, 0, 1, 621.91, 449485, 2
644, 36, 1, 5, 0, 0, 0.00%, 0, 0, 1, 593.70, 452355, 2
649, 36, 1, 5, 0, 0, 0.00%, 0, 0, 1, 595.63, 455370, 2
654, 37, 1, 5, 0, 0, 0.00%, 0, 0, 1, 587.02, 458385, 2
659, 37, 1, 5, 0, 0, 0.00%, 0, 0, 1, 602.09, 461547, 2
664, 37, 1, 5, 0, 0, 0.00%, 0, 0, 1, 591.00, 464497, 2
670, 37, 1, 5, 0, 0, 0.00%, 0, 0, 1, 592.46, 467589, 2
675, 38, 1, 5, 0, 0, 0.00%, 0, 0, 1, 601.30, 470641, 2
680, 38, 1, 5, 0, 0, 0.00%, 0, 0, 1, 600.63, 473679, 2
685, 38, 1, 5, 0, 0, 0.00%, 0, 0, 1, 605.27, 476731, 2
690, 38, 1, 5, 0, 0, 0.00%, 0, 0, 1, 603.56, 479759, 2
695, 39, 1, 5, 0, 0, 0.00%, 0, 0, 1, 616.24, 482859, 2
700, 39, 1, 5, 0, 0, 0.00%, 0, 0, 1, 606.64, 485909, 2
705, 39, 1, 5, 0, 0, 0.00%, 0, 0, 1, 607.58, 488925, 2
710, 39, 1, 5, 0, 0, 0.00%, 0, 0, 1, 602.58, 492001, 2
715, 40, 1, 5, 0, 0, 0.00%, 0, 0, 1, 610.54, 495089, 2
720, 40, 1, 5, 0, 0, 0.00%, 0, 0, 1, 595.80, 498117, 2
725, 40, 1, 5, 0, 0, 0.00%, 0, 0, 1, 610.20, 501299, 2
730, 40, 1, 5, 0, 0, 0.00%, 0, 0, 1, 610.13, 504351, 2
735, 41, 1, 5, 0, 0, 0.00%, 0, 0, 1, 607.56, 507415, 2
740, 41, 1, 5, 0, 0, 0.00%, 0, 0, 1, 584.52, 510303, 2
745, 41, 1, 5, 0, 0, 0.00%, 0, 0, 1, 593.72, 513274, 2
751, 41, 1, 5, 0, 0, 0.00%, 0, 0, 1, 597.94, 516278, 2
756, 42, 1, 5, 0, 0, 0.00%, 0, 0, 1, 609.40, 519415, 2
761, 42, 1, 5, 0, 0, 0.00%, 0, 0, 1, 620.83, 522467, 2
766, 42, 1, 5, 0, 0, 0.00%, 0, 0, 1, 586.83, 525438, 2
771, 42, 1, 5, 0, 0, 0.00%, 0, 0, 1, 566.89, 528370, 2
776, 43, 1, 5, 0, 0, 0.00%, 0, 0, 1, 572.33, 531275, 2
781, 43, 1, 5, 0, 0, 0.00%, 0, 0, 1, 618.31, 534457, 2
786, 43, 1, 5, 0, 0, 0.00%, 0, 0, 1, 100.37, 536417, 2
791, 43, 1, 5, 0, 0, 0.00%, 0, 0, 1, 385.25, 538551, 2
796, 43, 1, 5, 0, 0, 0.00%, 0, 0, 1, 500.68, 541233, 2
801, 44, 1, 5, 0, 0, 0.00%, 0, 0, 1, 526.24, 543923, 2
807, 44, 1, 5, 0, 0, 0.00%, 0, 0, 1, 605.93, 547059, 2
812, 44, 1, 5, 0, 0, 0.00%, 0, 0, 1, 587.08, 549964, 2
817, 44, 1, 5, 0, 0, 0.00%, 0, 0, 1, 637.05, 553161, 2
822, 45, 1, 5, 0, 0, 0.00%, 0, 0, 1, 650.84, 556345, 2
827, 45, 1, 5, 0, 0, 0.00%, 0, 0, 1, 683.85, 559940, 2
832, 45, 1, 5, 0, 0, 0.00%, 0, 0, 1, 656.40, 563329, 2
837, 45, 1, 5, 0, 0, 0.00%, 0, 0, 1, 736.65, 567045, 2
842, 46, 1, 5, 0, 0, 0.00%, 0, 0, 1, 778.36, 571129, 2
847, 46, 1, 5, 0, 0, 0.00%, 0, 0, 1, 597.28, 574209, 2
852, 46, 1, 5, 0, 0, 0.00%, 0, 0, 1, 334.32, 575999, 2
858, 46, 1, 5, 0, 0, 0.00%, 0, 0, 1, 548.85, 579173, 2
863, 47, 1, 5, 0, 0, 0.00%, 0, 0, 1, 642.04, 582559, 2
868, 47, 1, 5, 0, 0, 0.00%, 0, 0, 1, 616.22, 585587, 2
873, 47, 1, 5, 0, 0, 0.00%, 0, 0, 1, 622.53, 588963, 2
878, 48, 1, 5, 0, 0, 0.00%, 0, 0, 1, 676.62, 592519, 2
883, 48, 1, 5, 0, 0, 0.00%, 0, 0, 1, 596.26, 595521, 2
888, 48, 1, 5, 0, 0, 0.00%, 0, 0, 1, 603.37, 598570, 2
894, 48, 1, 5, 0, 0, 0.00%, 0, 0, 1, 610.55, 601589, 2
899, 49, 1, 5, 0, 0, 0.00%, 0, 0, 1, 603.70, 604653, 2
904, 49, 1, 5, 0, 0, 0.00%, 0, 0, 1, 690.23, 607958, 2
909, 49, 1, 5, 0, 0, 0.00%, 0, 0, 1, 647.26, 611542, 2
914, 49, 1, 5, 0, 0, 0.00%, 0, 0, 1, 592.32, 614409, 2
919, 50, 1, 5, 0, 0, 0.00%, 0, 0, 1, 574.55, 617259, 2
924, 50, 1, 5, 0, 0, 0.00%, 0, 0, 1, 581.06, 620257, 2
929, 50, 1, 5, 0, 0, 0.00%, 0, 0, 1, 580.43, 623305, 2
934, 50, 1, 5, 0, 0, 0.00%, 0, 0, 1, 580.61, 625478, 2
940, 50, 1, 5, 0, 0, 0.00%, 0, 0, 1, 567.44, 628416, 2
945, 51, 1, 5, 0, 0, 0.00%, 0, 0, 1, 564.27, 631222, 2
950, 51, 1, 5, 0, 0, 0.00%, 0, 0, 1, 541.84, 634019, 2
955, 51, 1, 5, 0, 0, 0.00%, 0, 0, 1, 561.92, 636927, 2
960, 51, 1, 5, 0, 0, 0.00%, 0, 0, 1, 540.31, 639707, 2
965, 52, 1, 5, 0, 0, 0.00%, 0, 0, 1, 530.01, 642449, 2
970, 52, 1, 5, 0, 0, 0.00%, 0, 0, 1, 517.74, 645030, 2
975, 52, 1, 5, 0, 0, 0.00%, 0, 0, 1, 545.64, 647887, 2
981, 52, 1, 5, 0, 0, 0.00%, 0, 0, 1, 521.13, 650539, 2
986, 52, 1, 5, 0, 0, 0.00%, 0, 0, 1, 511.52, 653075, 2
991, 53, 1, 5, 0, 0, 0.00%, 0, 0, 1, 525.46, 655777, 2
996, 53, 1, 5, 0, 0, 0.00%, 0, 0, 1, 526.93, 658493, 2
1001, 53, 1, 5, 0, 0, 0.00%, 0, 0, 1, 518.71, 661125, 2
1006, 53, 1, 5, 0, 0, 0.00%, 0, 0, 1, 514.76, 663711, 2
1011, 54, 1, 5, 0, 0, 0.00%, 0, 0, 1, 526.19, 666433, 2
1016, 54, 1, 5, 0, 0, 0.00%, 0, 0, 1, 500.96, 668939, 2
1021, 54, 1, 5, 0, 0, 0.00%, 0, 0, 1, 524.07, 671551, 2
1027, 54, 1, 5, 0, 0, 0.00%, 0, 0, 1, 515.16, 674227, 2
1032, 54, 1, 5, 0, 0, 0.00%, 0, 0, 1, 499.55, 676700, 2
1037, 55, 1, 5, 0, 0, 0.00%, 0, 0, 1, 508.08, 679385, 2
1042, 55, 1, 5, 0, 0, 0.00%, 0, 0, 1, 485.82, 681881, 2
1047, 55, 1, 5, 0, 0, 0.00%, 0, 0, 1, 509.33, 684533, 2
1052, 55, 1, 5, 0, 0, 0.00%, 0, 0, 1, 532.98, 687309, 2
1057, 55, 1, 5, 0, 0, 0.00%, 0, 0, 1, 546.80, 690072, 2
1063, 56, 1, 5, 0, 0, 0.00%, 0, 0, 1, 497.20, 692567, 2
1068, 56, 1, 5, 0, 0, 0.00%, 0, 0, 1, 519.22, 695259, 2
1073, 56, 1, 5, 0, 0, 0.00%, 0, 0, 1, 527.78, 697875, 2
1078, 56, 1, 5, 0, 0, 0.00%, 0, 0, 1, 527.06, 700617, 2
1083, 57, 1, 5, 0, 0, 0.00%, 0, 0, 1, 584.83, 703540, 2
1088, 57, 1, 5, 0, 0, 0.00%, 0, 0, 1, 611.54, 706755, 2
1093, 57, 1, 5, 0, 0, 0.00%, 0, 0, 1, 596.37, 709783, 2
1098, 57, 1, 5, 0, 0, 0.00%, 0, 0, 1, 560.24, 712667, 2
1103, 57, 1, 5, 0, 0, 0.00%, 0, 0, 1, 542.95, 715525, 2
1109, 58, 1, 5, 0, 0, 0.00%, 0, 0, 1, 543.41, 718297, 2
1114, 58, 1, 5, 0, 0, 0.00%, 0, 0, 1, 538.84, 721099, 2
1119, 58, 1, 5, 0, 0, 0.00%, 0, 0, 1, 527.33, 723895, 2
1124, 58, 1, 5, 0, 0, 0.00%, 0, 0, 1, 543.11, 726747, 2
1129, 59, 1, 5, 0, 0, 0.00%, 0, 0, 1, 538.07, 729433, 2
1134, 59, 1, 5, 0, 0, 0.00%, 0, 0, 1, 510.62, 731985, 2
1140, 59, 1, 5, 0, 0, 0.00%, 0, 0, 1, 510.47, 734651, 2
1145, 59, 1, 5, 0, 0, 0.00%, 0, 0, 1, 524.17, 737293, 2
1150, 59, 1, 5, 0, 0, 0.00%, 0, 0, 1, 506.73, 739919, 2
1155, 60, 1, 5, 0, 0, 0.00%, 0, 0, 1, 530.17, 742671, 2
1160, 60, 1, 5, 0, 0, 0.00%, 0, 0, 1, 525.26, 745347, 2
1165, 60, 1, 5, 0, 0, 0.00%, 0, 0, 1, 526.43, 748109, 2
1170, 60, 1, 5, 0, 0, 0.00%, 0, 0, 1, 539.68, 750735, 2
1175, 61, 1, 5, 0, 0, 0.00%, 0, 0, 1, 538.74, 753457, 2
1180, 61, 1, 5, 0, 0, 0.00%, 0, 0, 1, 542.84, 756233, 2
1186, 61, 1, 5, 0, 0, 0.00%, 0, 0, 1, 535.79, 758995, 2
1191, 61, 1, 5, 0, 0, 0.00%, 0, 0, 1, 549.60, 761857, 2
1196, 61, 1, 5, 0, 0, 0.00%, 0, 0, 1, 530.32, 764573, 2
1201, 62, 1, 5, 0, 0, 0.00%, 0, 0, 1, 558.59, 767490, 2
1206, 62, 1, 5, 0, 0, 0.00%, 0, 0, 1, 540.82, 770211, 2
1211, 62, 1, 5, 0, 0, 0.00%, 0, 0, 1, 548.26, 773093, 2
1217, 62, 1, 5, 0, 0, 0.00%, 0, 0, 1, 567.41, 776023, 2
1222, 63, 1, 5, 0, 0, 0.00%, 0, 0, 1, 551.86, 778922, 2
1227, 63, 1, 5, 0, 0, 0.00%, 0, 0, 1, 548.28, 781783, 2
1232, 63, 1, 5, 0, 0, 0.00%, 0, 0, 1, 542.43, 784595, 2
1237, 63, 1, 5, 0, 0, 0.00%, 0, 0, 1, 544.10, 787421, 2
1242, 64, 1, 5, 0, 0, 0.00%, 0, 0, 1, 538.88, 790203, 2
1248, 64, 1, 5, 0, 0, 0.00%, 0, 0, 1, 539.90, 792949, 2
1253, 64, 1, 5, 0, 0, 0.00%, 0, 0, 1, 557.38, 795746, 2
1258, 64, 1, 5, 0, 0, 0.00%, 0, 0, 1, 539.09, 798527, 2
1263, 64, 1, 5, 0, 0, 0.00%, 0, 0, 1, 551.51, 801440, 2
1268, 65, 1, 5, 0, 0, 0.00%, 0, 0, 1, 552.76, 804334, 2
1273, 65, 1, 5, 0, 0, 0.00%, 0, 0, 1, 535.65, 807107, 2
1279, 65, 1, 5, 0, 0, 0.00%, 0, 0, 1, 540.73, 809949, 2
1284, 65, 1, 5, 0, 0, 0.00%, 0, 0, 1, 553.55, 812729, 2
1289, 66, 1, 5, 0, 0, 0.00%, 0, 0, 1, 560.39, 815590, 2
1294, 66, 1, 5, 0, 0, 0.00%, 0, 0, 1, 557.92, 818363, 2
1299, 66, 1, 5, 0, 0, 0.00%, 0, 0, 1, 557.47, 821251, 2
1304, 66, 1, 5, 0, 0, 0.00%, 0, 0, 1, 556.12, 824013, 2
1309, 66, 1, 5, 0, 0, 0.00%, 0, 0, 1, 538.72, 826753, 2
1314, 67, 1, 5, 0, 0, 0.00%, 0, 0, 1, 544.28, 829605, 2
1319, 67, 1, 5, 0, 0, 0.00%, 0, 0, 1, 543.49, 832397, 2
1325, 67, 1, 5, 0, 0, 0.00%, 0, 0, 1, 558.99, 835291, 2
1330, 67, 1, 5, 0, 0, 0.00%, 0, 0, 1, 574.68, 838295, 2
1335, 68, 1, 5, 0, 0, 0.00%, 0, 0, 1, 578.35, 841189, 2
1340, 68, 1, 5, 0, 0, 0.00%, 0, 0, 1, 580.37, 844132, 2
1345, 68, 1, 5, 0, 0, 0.00%, 0, 0, 1, 558.66, 846982, 2
1350, 68, 1, 5, 0, 0, 0.00%, 0, 0, 1, 562.81, 849870, 2
1355, 69, 1, 5, 0, 0, 0.00%, 0, 0, 1, 550.43, 852753, 2
1361, 69, 1, 5, 0, 0, 0.00%, 0, 0, 1, 564.74, 855680, 2
1366, 69, 1, 5, 0, 0, 0.00%, 0, 0, 1, 570.37, 858447, 2
1371, 69, 1, 5, 0, 0, 0.00%, 0, 0, 1, 558.60, 861231, 2
1376, 70, 1, 5, 0, 0, 0.00%, 0, 0, 1, 549.15, 864103, 2
1381, 70, 1, 5, 0, 0, 0.00%, 0, 0, 1, 555.12, 866991, 2
1386, 70, 1, 5, 0, 0, 0.00%, 0, 0, 1, 548.93, 869843, 2
1391, 70, 1, 5, 0, 0, 0.00%, 0, 0, 1, 557.64, 872729, 2
1396, 70, 1, 5, 0, 0, 0.00%, 0, 0, 1, 578.11, 875656, 2
1402, 71, 1, 5, 0, 0, 0.00%, 0, 0, 1, 567.09, 878572, 2
1407, 71, 1, 5, 0, 0, 0.00%, 0, 0, 1, 558.04, 881438, 2
1412, 71, 1, 5, 0, 0, 0.00%, 0, 0, 1, 568.51, 884409, 2
1417, 71, 1, 5, 0, 0, 0.00%, 0, 0, 1, 576.70, 887358, 2
1422, 72, 1, 5, 0, 0, 0.00%, 0, 0, 1, 550.87, 890089, 2
1427, 72, 1, 5, 0, 0, 0.00%, 0, 0, 1, 534.12, 892811, 2
1433, 72, 1, 5, 0, 0, 0.00%, 0, 0, 1, 573.72, 895797, 2
1438, 72, 1, 5, 0, 0, 0.00%, 0, 0, 1, 580.95, 898801, 2
1443, 73, 1, 5, 0, 0, 0.00%, 0, 0, 1, 554.75, 901662, 2
1448, 73, 1, 5, 0, 0, 0.00%, 0, 0, 1, 529.75, 904277, 2
1453, 73, 1, 5, 0, 0, 0.00%, 0, 0, 1, 549.28, 907059, 2
1458, 73, 1, 5, 0, 0, 0.00%, 0, 0, 1, 574.37, 909881, 2
1463, 73, 1, 5, 0, 0, 0.00%, 0, 0, 1, 518.88, 912507, 2
1468, 74, 1, 5, 0, 0, 0.00%, 0, 0, 1, 558.76, 915438, 2
1473, 74, 1, 5, 0, 0, 0.00%, 0, 0, 1, 576.82, 918326, 2
1479, 74, 1, 5, 0, 0, 0.00%, 0, 0, 1, 590.12, 921352, 2
1484, 74, 1, 5, 0, 0, 0.00%, 0, 0, 1, 536.31, 923943, 2
1489, 75, 1, 5, 0, 0, 0.00%, 0, 0, 1, 570.44, 926881, 2
1494, 75, 1, 5, 0, 0, 0.00%, 0, 0, 1, 573.82, 929819, 2
1499, 75, 1, 5, 0, 0, 0.00%, 0, 0, 1, 577.21, 932817, 2
1504, 75, 1, 5, 0, 0, 0.00%, 0, 0, 1, 581.14, 935821, 2
1509, 76, 1, 5, 0, 0, 0.00%, 0, 0, 1, 573.19, 938792, 2
1515, 76, 1, 5, 0, 0, 0.00%, 0, 0, 1, 570.46, 941774, 2
1520, 76, 1, 5, 0, 0, 0.00%, 0, 0, 1, 602.47, 944937, 2
1525, 76, 1, 5, 0, 0, 0.00%, 0, 0, 1, 588.52, 947941, 2
1530, 77, 1, 5, 0, 0, 0.00%, 0, 0, 1, 592.34, 951011, 2
1535, 77, 1, 5, 0, 0, 0.00%, 0, 0, 1, 595.58, 953976, 2
1540, 77, 1, 5, 0, 0, 0.00%, 0, 0, 1, 596.93, 957024, 2
1546, 77, 1, 5, 0, 0, 0.00%, 0, 0, 1, 594.21, 960099, 2
1551, 78, 1, 5, 0, 0, 0.00%, 0, 0, 1, 579.70, 962988, 2
1556, 78, 1, 5, 0, 0, 0.00%, 0, 0, 1, 593.65, 966063, 2
1561, 78, 1, 5, 0, 0, 0.00%, 0, 0, 1, 568.26, 968891, 2
1566, 78, 1, 5, 0, 0, 0.00%, 0, 0, 1, 566.13, 971807, 2
1571, 78, 1, 5, 0, 0, 0.00%, 0, 0, 1, 556.37, 974585, 2
1576, 79, 1, 5, 0, 0, 0.00%, 0, 0, 1, 572.35, 977633, 2
1581, 79, 1, 5, 0, 0, 0.00%, 0, 0, 1, 579.94, 980565, 2
1586, 79, 1, 5, 0, 0, 0.00%, 0, 0, 1, 584.63, 983602, 2
1592, 79, 1, 5, 0, 0, 0.00%, 0, 0, 1, 565.22, 986529, 2
1597, 80, 1, 5, 0, 0, 0.00%, 0, 0, 1, 582.10, 989566, 2
1602, 80, 1, 5, 0, 0, 0.00%, 0, 0, 1, 578.44, 992586, 2
1607, 80, 1, 5, 0, 0, 0.00%, 0, 0, 1, 572.78, 995480, 2
1612, 80, 1, 5, 0, 0, 0.00%, 0, 0, 1, 580.73, 998451, 2
1617, 81, 1, 5, 0, 0, 0.00%, 0, 0, 1, 589.50, 1001515, 2
1622, 81, 1, 5, 0, 0, 0.00%, 0, 0, 1, 599.82, 1004519, 2
1627, 81, 1, 5, 0, 0, 0.00%, 0, 0, 1, 577.00, 1007501, 2
1632, 81, 1, 5, 0, 0, 0.00%, 0, 0, 1, 545.09, 1010167, 2
1637, 82, 1, 5, 0, 0, 0.00%, 0, 0, 1, 535.42, 1012899, 2
1643, 82, 1, 5, 0, 0, 0.00%, 0, 0, 1, 564.11, 1015830, 2
1648, 82, 1, 5, 0, 0, 0.00%, 0, 0, 1, 564.80, 1018647, 2
1653, 82, 1, 5, 0, 0, 0.00%, 0, 0, 1, 560.93, 1021387, 2
1658, 82, 1, 5, 0, 0, 0.00%, 0, 0, 1, 538.79, 1024165, 2
1663, 83, 1, 5, 0, 0, 0.00%, 0, 0, 1, 552.30, 1027070, 2
1668, 83, 1, 5, 0, 0, 0.00%, 0, 0, 1, 561.48, 1029892, 2
1673, 83, 1, 5, 0, 0, 0.00%, 0, 0, 1, 545.99, 1032685, 2
1678, 83, 1, 5, 0, 0, 0.00%, 0, 0, 1, 540.45, 1035497, 2
1683, 84, 1, 5, 0, 0, 0.00%, 0, 0, 1, 551.89, 1038353, 2
1689, 84, 1, 5, 0, 0, 0.00%, 0, 0, 1, 566.71, 1041363, 2
1694, 84, 1, 5, 0, 0, 0.00%, 0, 0, 1, 555.31, 1044191, 2
1699, 84, 1, 5, 0, 0, 0.00%, 0, 0, 1, 564.75, 1047068, 2
1704, 85, 1, 5, 0, 0, 0.00%, 0, 0, 1, 564.47, 1049896, 2
1709, 85, 1, 5, 0, 0, 0.00%, 0, 0, 1, 582.13, 1052828, 2
1714, 85, 1, 5, 0, 0, 0.00%, 0, 0, 1, 581.02, 1055799, 2
1719, 85, 1, 5, 0, 0, 0.00%, 0, 0, 1, 575.78, 1058748, 2
1724, 85, 1, 5, 0, 0, 0.00%, 0, 0, 1, 557.06, 1061570, 2
1729, 86, 1, 5, 0, 0, 0.00%, 0, 0, 1, 551.47, 1064333, 2
1734, 86, 1, 5, 0, 0, 0.00%, 0, 0, 1, 564.46, 1067138, 2
1740, 86, 1, 5, 0, 0, 0.00%, 0, 0, 1, 544.88, 1069971, 2
1745, 86, 1, 5, 0, 0, 0.00%, 0, 0, 1, 545.57, 1072753, 2
1750, 87, 1, 5, 0, 0, 0.00%, 0, 0, 1, 548.35, 1075609, 2
1755, 87, 1, 5, 0, 0, 0.00%, 0, 0, 1, 524.17, 1078351, 2
1760, 87, 1, 5, 0, 0, 0.00%, 0, 0, 1, 552.82, 1081244, 2
1765, 87, 1, 5, 0, 0, 0.00%, 0, 0, 1, 591.33, 1084264, 2
1770, 88, 1, 5, 0, 0, 0.00%, 0, 0, 1, 547.99, 1086971, 2
1776, 88, 1, 5, 0, 0, 0.00%, 0, 0, 1, 547.42, 1089797, 2
1781, 88, 1, 5, 0, 0, 0.00%, 0, 0, 1, 559.15, 1092687, 2
1786, 88, 1, 5, 0, 0, 0.00%, 0, 0, 1, 563.54, 1095581, 2
1791, 88, 1, 5, 0, 0, 0.00%, 0, 0, 1, 543.60, 1098317, 2
1796, 89, 1, 5, 0, 0, 0.00%, 0, 0, 1, 491.62, 1100468, 2
1801, 89, 1, 5, 0, 0, 0.00%, 0, 0, 1, 522.96, 1103275, 2
1806, 89, 1, 5, 0, 0, 0.00%, 0, 0, 1, 560.67, 1106122, 2
1811, 89, 1, 5, 0, 0, 0.00%, 0, 0, 1, 551.25, 1108977, 2
1816, 90, 1, 5, 0, 0, 0.00%, 0, 0, 1, 553.00, 1111761, 2
1822, 90, 1, 5, 0, 0, 0.00%, 0, 0, 1, 533.52, 1114521, 2
1827, 90, 1, 5, 0, 0, 0.00%, 0, 0, 1, 552.63, 1117466, 2
1832, 90, 1, 5, 0, 0, 0.00%, 0, 0, 1, 557.81, 1120272, 2
1837, 90, 1, 5, 0, 0, 0.00%, 0, 0, 1, 545.78, 1123041, 2
1842, 91, 1, 5, 0, 0, 0.00%, 0, 0, 1, 514.77, 1125743, 2
1847, 91, 1, 5, 0, 0, 0.00%, 0, 0, 1, 533.10, 1128519, 2
1853, 91, 1, 5, 0, 0, 0.00%, 0, 0, 1, 529.75, 1131281, 2
1858, 91, 1, 5, 0, 0, 0.00%, 0, 0, 1, 546.56, 1134077, 2
1863, 92, 1, 5, 0, 0, 0.00%, 0, 0, 1, 566.90, 1137024, 2
1868, 92, 1, 5, 0, 0, 0.00%, 0, 0, 1, 543.41, 1139751, 2
1873, 92, 1, 5, 0, 0, 0.00%, 0, 0, 1, 547.49, 1142587, 2
1878, 92, 1, 5, 0, 0, 0.00%, 0, 0, 1, 571.51, 1145491, 2
1883, 92, 1, 5, 0, 0, 0.00%, 0, 0, 1, 554.03, 1148247, 2
1888, 93, 1, 5, 0, 0, 0.00%, 0, 0, 1, 570.55, 1151130, 2
1893, 93, 1, 5, 0, 0, 0.00%, 0, 0, 1, 572.52, 1154090, 2
1899, 93, 1, 5, 0, 0, 0.00%, 0, 0, 1, 572.90, 1157110, 2
1904, 93, 1, 5, 0, 0, 0.00%, 0, 0, 1, 605.20, 1160221, 2
1909, 94, 1, 5, 0, 0, 0.00%, 0, 0, 1, 582.60, 1163085, 2
1914, 94, 1, 5, 0, 0, 0.00%, 0, 0, 1, 551.62, 1165815, 2
1919, 94, 1, 5, 0, 0, 0.00%, 0, 0, 1, 468.94, 1168109, 2
1924, 94, 1, 5, 0, 0, 0.00%, 0, 0, 1, 470.46, 1170568, 2
1929, 95, 1, 5, 0, 0, 0.00%, 0, 0, 1, 531.07, 1173165, 2
1934, 95, 1, 5, 0, 0, 0.00%, 0, 0, 1, 562.71, 1176085, 2
1939, 95, 1, 5, 0, 0, 0.00%, 0, 0, 1, 566.38, 1179001, 2
1944, 95, 1, 5, 0, 0, 0.00%, 0, 0, 1, 576.07, 1181939, 2
1950, 95, 1, 5, 0, 0, 0.00%, 0, 0, 1, 579.60, 1184937, 2
1955, 96, 1, 5, 0, 0, 0.00%, 0, 0, 1, 588.98, 1187941, 2
1960, 96, 1, 5, 0, 0, 0.00%, 0, 0, 1, 570.86, 1190813, 2
1965, 96, 1, 5, 0, 0, 0.00%, 0, 0, 1, 591.88, 1193921, 2
1970, 96, 1, 5, 0, 0, 0.00%, 0, 0, 1, 590.50, 1197024, 2
1975, 97, 1, 5, 0, 0, 0.00%, 0, 0, 1, 559.87, 1199896, 2
1980, 97, 1, 5, 0, 0, 0.00%, 0, 0, 1, 577.11, 1202883, 2
1985, 97, 1, 5, 0, 0, 0.00%, 0, 0, 1, 581.76, 1205810, 2
1991, 97, 1, 5, 0, 0, 0.00%, 0, 0, 1, 581.51, 1208847, 2
1996, 98, 1, 5, 0, 0, 0.00%, 0, 0, 1, 583.66, 1211867, 2
2001, 98, 1, 5, 0, 0, 0.00%, 0, 0, 1, 582.08, 1214904, 2
2006, 98, 1, 5, 0, 0, 0.00%, 0, 0, 1, 575.22, 1217809, 2
2011, 98, 1, 5, 0, 0, 0.00%, 0, 0, 1, 580.41, 1220769, 2
2016, 99, 1, 5, 0, 0, 0.00%, 0, 0, 1, 594.56, 1223833, 2
2021, 99, 1, 5, 0, 0, 0.00%, 0, 0, 1, 597.51, 1226903, 2
2026, 99, 1, 5, 0, 0, 0.00%, 0, 0, 1, 612.66, 1230081, 2
2032, 99, 1, 5, 0, 0, 0.00%, 0, 0, 1, 555.36, 1232883, 2
2037, 100, 1, 5, 0, 0, 0.00%, 0, 0, 1, 575.63, 1235909, 2
2042, 100, 1, 5, 0, 0, 0.00%, 0, 0, 1, 564.70, 1238836, 2
2047, 100, 1, 5, 0, 0, 0.00%, 0, 0, 1, 585.04, 1241746, 2
2052, 100, 1, 5, 0, 0, 0.00%, 0, 0, 1, 613.59, 1244881, 2
2057, 101, 1, 5, 0, 0, 0.00%, 0, 0, 1, 613.12, 1248005, 2
2062, 101, 1, 5, 0, 0, 0.00%, 0, 0, 1, 549.58, 1250763, 2
2068, 101, 1, 5, 0, 0, 0.00%, 0, 0, 1, 580.75, 1253756, 2
2073, 101, 1, 5, 0, 0, 0.00%, 0, 0, 1, 575.07, 1256782, 2
2078, 102, 1, 5, 0, 0, 0.00%, 0, 0, 1, 596.56, 1259808, 2
2083, 102, 1, 5, 0, 0, 0.00%, 0, 0, 1, 562.62, 1262718, 2
2088, 102, 1, 5, 0, 0, 0.00%, 0, 0, 1, 562.20, 1265656, 2
2093, 102, 1, 5, 0, 0, 0.00%, 0, 0, 1, 557.55, 1268462, 2
2098, 102, 1, 5, 0, 0, 0.00%, 0, 0, 1, 565.98, 1271328, 2
2103, 103, 1, 5, 0, 0, 0.00%, 0, 0, 1, 571.13, 1274189, 2
2109, 103, 1, 5, 0, 0, 0.00%, 0, 0, 1, 583.27, 1277220, 2
2114, 103, 1, 5, 0, 0, 0.00%, 0, 0, 1, 579.04, 1280125, 2
2119, 103, 1, 5, 0, 0, 0.00%, 0, 0, 1, 594.93, 1283239, 2
2124, 104, 1, 5, 0, 0, 0.00%, 0, 0, 1, 564.64, 1286100, 2
2129, 104, 1, 5, 0, 0, 0.00%, 0, 0, 1, 564.62, 1288933, 2
2134, 104, 1, 5, 0, 0, 0.00%, 0, 0, 1, 573.76, 1291871, 2
2139, 104, 1, 5, 0, 0, 0.00%, 0, 0, 1, 584.68, 1294913, 2
2144, 105, 1, 5, 0, 0, 0.00%, 0, 0, 1, 577.80, 1297774, 2
2149, 105, 1, 5, 0, 0, 0.00%, 0, 0, 1, 600.14, 1300800, 2
2155, 105, 1, 5, 0, 0, 0.00%, 0, 0, 1, 537.54, 1303503, 2
2160, 105, 1, 5, 0, 0, 0.00%, 0, 0, 1, 533.03, 1306055, 2
2165, 105, 1, 5, 0, 0, 0.00%, 0, 0, 1, 433.17, 1308161, 2
2170, 106, 1, 5, 0, 0, 0.00%, 0, 0, 1, 470.62, 1310559, 2
2175, 106, 1, 5, 0, 0, 0.00%, 0, 0, 1, 467.83, 1312894, 2
2180, 106, 1, 5, 0, 0, 0.00%, 0, 0, 1, 467.80, 1315191, 2
2185, 106, 1, 5, 0, 0, 0.00%, 0, 0, 1, 497.96, 1317781, 2
2190, 106, 1, 5, 0, 0, 0.00%, 0, 0, 1, 427.06, 1319851, 2
2195, 107, 1, 5, 0, 0, 0.00%, 0, 0, 1, 475.73, 1322336, 2
2200, 107, 1, 5, 0, 0, 0.00%, 0, 0, 1, 500.83, 1324903, 2
2206, 107, 1, 5, 0, 0, 0.00%, 0, 0, 1, 509.72, 1327527, 2
2211, 107, 1, 5, 0, 0, 0.00%, 0, 0, 1, 485.74, 1329904, 2
2216, 107, 1, 5, 0, 0, 0.00%, 0, 0, 1, 523.81, 1332605, 2
2221, 108, 1, 5, 0, 0, 0.00%, 0, 0, 1, 492.88, 1335058, 2
2226, 108, 1, 5, 0, 0, 0.00%, 0, 0, 1, 459.39, 1337366, 2
2231, 108, 1, 5, 0, 0, 0.00%, 0, 0, 1, 484.30, 1339825, 2
2236, 108, 1, 5, 0, 0, 0.00%, 0, 0, 1, 490.40, 1342365, 2
2241, 108, 1, 5, 0, 0, 0.00%, 0, 0, 1, 477.53, 1344763, 2
2246, 109, 1, 5, 0, 0, 0.00%, 0, 0, 1, 503.97, 1347357, 2
2252, 109, 1, 5, 0, 0, 0.00%, 0, 0, 1, 481.18, 1349791, 2
2257, 109, 1, 5, 0, 0, 0.00%, 0, 0, 1, 468.51, 1352196, 2
2262, 109, 1, 5, 0, 0, 0.00%, 0, 0, 1, 485.52, 1354736, 2
2267, 109, 1, 5, 0, 0, 0.00%, 0, 0, 1, 482.03, 1357125, 2
2272, 110, 1, 5, 0, 0, 0.00%, 0, 0, 1, 460.40, 1359431, 2
2277, 110, 1, 5, 0, 0, 0.00%, 0, 0, 1, 441.47, 1361677, 2
2282, 110, 1, 5, 0, 0, 0.00%, 0, 0, 1, 452.46, 1363945, 2
2287, 110, 1, 5, 0, 0, 0.00%, 0, 0, 1, 460.76, 1366405, 2
2292, 110, 1, 5, 0, 0, 0.00%, 0, 0, 1, 473.08, 1368855, 2
2297, 111, 1, 5, 0, 0, 0.00%, 0, 0, 1, 474.25, 1371325, 2
2302, 111, 1, 5, 0, 0, 0.00%, 0, 0, 1, 497.32, 1373853, 2
2307, 111, 1, 5, 0, 0, 0.00%, 0, 0, 1, 469.55, 1376090, 2
2312, 111, 1, 5, 0, 0, 0.00%, 0, 0, 1, 470.92, 1378488, 2
2318, 111, 1, 5, 0, 0, 0.00%, 0, 0, 1, 460.23, 1380875, 2
2323, 112, 1, 5, 0, 0, 0.00%, 0, 0, 1, 491.81, 1383534, 2
2328, 112, 1, 5, 0, 0, 0.00%, 0, 0, 1, 457.60, 1385858, 2
2333, 112, 1, 5, 0, 0, 0.00%, 0, 0, 1, 469.56, 1388155, 2
2338, 112, 1, 5, 0, 0, 0.00%, 0, 0, 1, 462.03, 1390553, 2
2343, 112, 1, 5, 0, 0, 0.00%, 0, 0, 1, 488.09, 1393093, 2
2348, 113, 1, 5, 0, 0, 0.00%, 0, 0, 1, 475.92, 1395590, 2
2353, 113, 1, 5, 0, 0, 0.00%, 0, 0, 1, 486.22, 1398031, 2
2358, 113, 1, 5, 0, 0, 0.00%, 0, 0, 1, 477.96, 1400328, 2
2363, 113, 1, 5, 0, 0, 0.00%, 0, 0, 1, 443.11, 1402551, 2
2369, 113, 1, 5, 0, 0, 0.00%, 0, 0, 1, 502.23, 1405158, 2
2374, 113, 1, 5, 0, 0, 0.00%, 0, 0, 1, 465.02, 1407437, 2
2379, 114, 1, 5, 0, 0, 0.00%, 0, 0, 1, 506.35, 1410042, 2
2384, 114, 1, 5, 0, 0, 0.00%, 0, 0, 1, 498.36, 1412455, 2
2389, 114, 1, 5, 0, 0, 0.00%, 0, 0, 1, 481.22, 1414852, 2
2394, 114, 1, 5, 0, 0, 0.00%, 0, 0, 1, 460.30, 1417214, 2
2399, 114, 1, 5, 0, 0, 0.00%, 0, 0, 1, 469.21, 1419727, 2
2404, 115, 1, 5, 0, 0, 0.00%, 0, 0, 1, 489.22, 1422197, 2
2409, 115, 1, 5, 0, 0, 0.00%, 0, 0, 1, 474.89, 1424539, 2
2414, 115, 1, 5, 0, 0, 0.00%, 0, 0, 1, 465.25, 1426899, 2
2419, 115, 1, 5, 0, 0, 0.00%, 0, 0, 1, 465.15, 1429252, 2
2424, 115, 1, 5, 0, 0, 0.00%, 0, 0, 1, 426.55, 1431469, 2
2429, 116, 1, 5, 0, 0, 0.00%, 0, 0, 1, 446.79, 1433603, 2
2435, 116, 1, 5, 0, 0, 0.00%, 0, 0, 1, 472.87, 1436098, 2
2440, 116, 1, 5, 0, 0, 0.00%, 0, 0, 1, 489.09, 1438685, 2
2445, 116, 1, 5, 0, 0, 0.00%, 0, 0, 1, 469.38, 1441036, 2
2450, 116, 1, 5, 0, 0, 0.00%, 0, 0, 1, 420.08, 1443241, 2
2455, 117, 1, 5, 0, 0, 0.00%, 0, 0, 1, 460.84, 1445758, 2
2460, 117, 1, 5, 0, 0, 0.00%, 0, 0, 1, 479.73, 1448325, 2
2465, 117, 1, 5, 0, 0, 0.00%, 0, 0, 1, 470.74, 1450669, 2
2470, 117, 1, 5, 0, 0, 0.00%, 0, 0, 1, 451.60, 1452885, 2
2476, 117, 1, 5, 0, 0, 0.00%, 0, 0, 1, 488.14, 1455452, 2
2481, 118, 1, 5, 0, 0, 0.00%, 0, 0, 1, 476.37, 1457823, 2
2486, 118, 1, 5, 0, 0, 0.00%, 0, 0, 1, 485.30, 1460300, 2
2491, 118, 1, 5, 0, 0, 0.00%, 0, 0, 1, 493.72, 1462806, 2
2496, 118, 1, 5, 0, 0, 0.00%, 0, 0, 1, 488.50, 1465256, 2
2501, 118, 1, 5, 0, 0, 0.00%, 0, 0, 1, 479.04, 1467670, 2
2506, 119, 1, 5, 0, 0, 0.00%, 0, 0, 1, 484.31, 1470167, 2
2511, 119, 1, 5, 0, 0, 0.00%, 0, 0, 1, 485.35, 1472581, 2
2516, 119, 1, 5, 0, 0, 0.00%, 0, 0, 1, 459.84, 1474860, 2
2521, 119, 1, 5, 0, 0, 0.00%, 0, 0, 1, 519.65, 1477677, 2
2527, 119, 1, 5, 0, 0, 0.00%, 0, 0, 1, 557.27, 1480580, 2
2532, 120, 1, 5, 0, 0, 0.00%, 0, 0, 1, 577.80, 1483545, 2
2537, 120, 1, 5, 0, 0, 0.00%, 0, 0, 1, 593.15, 1486582, 2
2542, 120, 1, 5, 0, 0, 0.00%, 0, 0, 1, 589.38, 1489597, 2
2547, 120, 1, 5, 0, 0, 0.00%, 0, 0, 1, 564.79, 1492430, 2
2552, 121, 1, 5, 0, 0, 0.00%, 0, 0, 1, 587.19, 1495390, 2
2557, 121, 1, 5, 0, 0, 0.00%, 0, 0, 1, 566.94, 1498229, 2
2562, 121, 1, 5, 0, 0, 0.00%, 0, 0, 1, 525.41, 1500945, 2
2567, 121, 1, 5, 0, 0, 0.00%, 0, 0, 1, 563.71, 1503846, 2
2572, 121, 1, 5, 0, 0, 0.00%, 0, 0, 1, 565.41, 1506745, 2
2577, 122, 1, 5, 0, 0, 0.00%, 0, 0, 1, 580.69, 1509694, 2
2582, 122, 1, 5, 0, 0, 0.00%, 0, 0, 1, 581.52, 1512566, 2
2587, 122, 1, 5, 0, 0, 0.00%, 0, 0, 1, 570.58, 1515421, 2
2592, 122, 1, 5, 0, 0, 0.00%, 0, 0, 1, 548.17, 1518215, 2
2598, 123, 1, 5, 0, 0, 0.00%, 0, 0, 1, 571.87, 1521187, 2
2603, 123, 1, 5, 0, 0, 0.00%, 0, 0, 1, 588.41, 1524218, 2
2608, 123, 1, 5, 0, 0, 0.00%, 0, 0, 1, 579.12, 1527222, 2
2613, 123, 1, 5, 0, 0, 0.00%, 0, 0, 1, 557.34, 1530072, 2
2618, 124, 1, 5, 0, 0, 0.00%, 0, 0, 1, 581.71, 1533081, 2
2623, 124, 1, 5, 0, 0, 0.00%, 0, 0, 1, 567.63, 1536019, 2
2629, 124, 1, 5, 0, 0, 0.00%, 0, 0, 1, 569.13, 1538935, 2
2634, 124, 1, 5, 0, 0, 0.00%, 0, 0, 1, 593.39, 1541944, 2
2639, 125, 1, 5, 0, 0, 0.00%, 0, 0, 1, 603.00, 1545025, 2
2644, 125, 1, 5, 0, 0, 0.00%, 0, 0, 1, 580.59, 1547886, 2
2649, 125, 1, 5, 0, 0, 0.00%, 0, 0, 1, 584.69, 1550928, 2
2654, 125, 1, 5, 0, 0, 0.00%, 0, 0, 1, 579.16, 1553932, 2
2659, 126, 1, 5, 0, 0, 0.00%, 0, 0, 1, 604.92, 1556995, 2
2664, 126, 1, 5, 0, 0, 0.00%, 0, 0, 1, 604.49, 1560011, 2
2669, 126, 1, 5, 0, 0, 0.00%, 0, 0, 1, 598.80, 1563114, 2
2675, 126, 1, 5, 0, 0, 0.00%, 0, 0, 1, 595.23, 1566239, 2
2680, 127, 1, 5, 0, 0, 0.00%, 0, 0, 1, 591.37, 1569199, 2
2685, 127, 1, 5, 0, 0, 0.00%, 0, 0, 1, 599.94, 1572301, 2
2690, 127, 1, 5, 0, 0, 0.00%, 0, 0, 1, 573.38, 1575190, 2
2695, 127, 1, 5, 0, 0, 0.00%, 0, 0, 1, 584.73, 1578271, 2
2700, 128, 1, 5, 0, 0, 0.00%, 0, 0, 1, 592.84, 1581176, 2
2705, 128, 1, 5, 0, 0, 0.00%, 0, 0, 1, 599.94, 1584163, 2
2710, 128, 1, 5, 0, 0, 0.00%, 0, 0, 1, 597.91, 1587173, 2
2715, 128, 1, 5, 0, 0, 0.00%, 0, 0, 1, 567.54, 1590017, 2
2720, 128, 1, 5, 0, 0, 0.00%, 0, 0, 1, 599.04, 1593070, 2
2725, 129, 1, 5, 0, 0, 0.00%, 0, 0, 1, 575.54, 1596008, 2
2731, 129, 1, 5, 0, 0, 0.00%, 0, 0, 1, 578.24, 1599045, 2
2736, 129, 1, 5, 0, 0, 0.00%, 0, 0, 1, 584.41, 1602054, 2
2741, 129, 1, 5, 0, 0, 0.00%, 0, 0, 1, 574.97, 1605025, 2
2746, 130, 1, 5, 0, 0, 0.00%, 0, 0, 1, 572.08, 1607974, 2
2751, 130, 1, 5, 0, 0, 0.00%, 0, 0, 1, 573.77, 1610939, 2
2756, 130, 1, 5, 0, 0, 0.00%, 0, 0, 1, 581.25, 1613987, 2
2761, 130, 1, 5, 0, 0, 0.00%, 0, 0, 1, 582.02, 1616903, 2
2766, 131, 1, 5, 0, 0, 0.00%, 0, 0, 1, 573.65, 1619736, 2
2771, 131, 1, 5, 0, 0, 0.00%, 0, 0, 1, 559.24, 1622564, 2
2776, 131, 1, 5, 0, 0, 0.00%, 0, 0, 1, 565.70, 1625425, 2
2782, 131, 1, 5, 0, 0, 0.00%, 0, 0, 1, 549.57, 1628324, 2
2787, 132, 1, 5, 0, 0, 0.00%, 0, 0, 1, 599.63, 1631449, 2
2792, 132, 1, 5, 0, 0, 0.00%, 0, 0, 1, 569.98, 1634541, 2
2797, 132, 1, 5, 0, 0, 0.00%, 0, 0, 1, 616.54, 1637535, 2
2802, 132, 1, 5, 0, 0, 0.00%, 0, 0, 1, 609.97, 1640585, 2
2807, 133, 1, 5, 0, 0, 0.00%, 0, 0, 1, 616.06, 1643541, 2
2812, 133, 1, 5, 0, 0, 0.00%, 0, 0, 1, 616.36, 1646653, 2
2817, 133, 1, 5, 0, 0, 0.00%, 0, 0, 1, 609.24, 1649643, 2
2822, 133, 1, 5, 0, 0, 0.00%, 0, 0, 1, 590.34, 1652487, 2
2827, 134, 1, 5, 0, 0, 0.00%, 0, 0, 1, 629.48, 1655771, 2
2831, 134, 1, 5, 0, 0, 0.00%, 0, 0, 1, 619.31, 1658216, 2
